1  -0.512934   0.149383 -0.0729277  -0.129642     2.5451   -1.83396 0.00197834 0.991968 0.413033 4.43094 0.0629988
1  -0.514446   0.143339 -0.0678246  -0.161984    2.54812   -1.80689 0.00193674 0.994645 0.425137 4.79964 0.0344905
1  -0.514926   0.142806 -0.0667827  -0.162894    2.55244   -1.79958 0.00194148 0.994645 0.393795 2.66466 0.0324063
1  -0.512917   0.149389 -0.0729583  -0.129528    2.54497     -1.834 0.00197891 0.991968 0.424776 3.50393 0.0630535
1  -0.515771   0.134861 -0.0629507  -0.213688    2.54264   -1.78679 0.00203824 0.995984 0.536397 5.06166 0.00420224
1  -0.514575   0.143036 -0.0675925  -0.162275    2.54942   -1.80386 0.00194457 0.994645 0.641317 4.99241 0.0334497
1  -0.512774   0.149947 -0.0731757  -0.128613    2.54354   -1.83783 0.00195204 0.991968 0.21402 2.15222 0.0651573
1  -0.514445   0.143405 -0.0676147  -0.162368    2.54799   -1.80665 0.00191569 0.994645 0.473324 4.82433 0.0341802
1  -0.514499   0.143211 -0.0677149  -0.161619    2.54895   -1.80477 0.00194097 0.994645 0.550181 7.96779 0.034058
1  -0.515491   0.139019 -0.0651557  -0.188076    2.54749   -1.79677 0.00200277 0.994645 0.4143 4.3295 0.0159856
1  -0.513003   0.144777 -0.0702965  -0.161585    2.53362   -1.82467 0.00188391 0.997323 0.204328 2.13689 0.0416974
1   -0.51556    0.13795 -0.0655113   -0.19832    2.54341   -1.80252 0.00196715 0.994645 0.337814 3.87945 0.014124
1  -0.514446   0.143339 -0.0678246  -0.161984    2.54812   -1.80689 0.00193674 0.994645 0.681153 4.18609 0.0344905
1  -0.514549   0.143072 -0.0676299  -0.162134    2.54926   -1.80407 0.00194358 0.994645 0.338781 2.56982 0.0335706
1  -0.512774   0.149947 -0.0731758  -0.128613    2.54354   -1.83783 0.00195204 0.991968 0.429742 4.65905 0.0651573
1  -0.514445   0.143405 -0.0676147  -0.162368    2.54799   -1.80665 0.00191569 0.994645 0.258835 2.30926 0.0341802
1  -0.514792   0.142891 -0.0670361  -0.163662    2.55078   -1.80232 0.00193196 0.994645 0.331477 2.48157 0.0324446
1  -0.514499   0.143211 -0.0677149  -0.161619    2.54895   -1.80477 0.00194097 0.994645 0.448518 4.26596 0.034058
1  -0.514445   0.143405 -0.0676147  -0.162368    2.54799   -1.80665 0.00191569 0.994645 0.434902 4.60601 0.0341802
1  -0.512889   0.149811 -0.0729531  -0.128396    2.54497   -1.83548 0.00196094 0.991968 0.395821 4.02141 0.0643618
1  -0.515199   0.137422 -0.0648266  -0.198275    2.54232   -1.79505 0.00202086 0.994645 0.448595 7.96672 0.00949476
1  -0.515384   0.137739 -0.0646496  -0.197106    2.54365    -1.7957 0.00199532 0.993307 0.474493 2.11924 0.0103394
1  -0.515934   0.134692 -0.0626686  -0.214331    2.54377   -1.78535 0.00204301 0.995984 0.380473 5.80762 0.00416206
1  -0.515697   0.140135 -0.0653779  -0.177059    2.55413   -1.79226 0.00198599 0.994645 0.354737 3.10494 0.0226031
1  -0.514644    0.14298 -0.0675004   -0.16253    2.54982    -1.8035 0.00194544 0.994645 0.543414 5.22889 0.0332612
1  -0.513936   0.144369 -0.0684967  -0.157076     2.5463   -1.80981 0.00196751 0.997323 0.417262 5.30274 0.0380755
1   -0.51624   0.135122 -0.0624806  -0.210447    2.54734   -1.78321 0.00202162 0.994645 0.506856 3.70136 0.00246861
1  -0.513124   0.145494 -0.0697491   -0.15397    2.54007   -1.81858 0.00193236 0.997323 0.348053 1.8781 0.0427593
1   -0.51281   0.149846 -0.0730741  -0.128282    2.54437    -1.8361 0.00196116 0.991968 0.421138 5.21764 0.0646174
1  -0.514444   0.143348 -0.0678273  -0.161933    2.54813   -1.80688 0.0019363 0.994645 0.595194 6.43873 0.034516
1  -0.514644    0.14298 -0.0675004  -0.162529    2.54982    -1.8035 0.00194544 0.994645 0.406268 3.8135 0.0332613
1  -0.513531   0.144842 -0.0695171  -0.155742    2.54247   -1.81624 0.00197435 0.997323 0.458156 3.92344 0.0409557
1  -0.512917   0.149389 -0.0729583  -0.129528    2.54497     -1.834 0.00197891 0.991968 0.479248 1.91633 0.0630535
1  -0.512772   0.149949 -0.0731891  -0.128606    2.54346    -1.8379 0.00195123 0.991968 0.376265 2.2993 0.0651826
1  -0.514616   0.143002 -0.0675344  -0.162396     2.5497   -1.80356 0.00194525 0.994645 0.279225 2.85625 0.0333345
1  -0.514616   0.143002 -0.0675344  -0.162396     2.5497   -1.80356 0.00194524 0.994645 0.378976 2.03624 0.0333345
1 -0.514536  0.143305 -0.067451 -0.162296   2.54895  -1.80507 0.00191935 0.994645 0.433451 2.07195 0.0338091
1  -0.515961   0.136394 -0.0636557  -0.201975    2.54721   -1.78873 0.00204561 0.993307 0.288426 4.19918 0.00509423
1  -0.515261   0.138159 -0.0659017   -0.19752    2.54151   -1.80431 0.00196242 0.994645 0.376815 3.77024 0.0154033
1  -0.516153   0.136096 -0.0629476  -0.204407    2.54822   -1.78607 0.00203599 0.993307 0.346968 1.91521 0.00350864
1  -0.514955   0.142492 -0.0667016  -0.165643    2.55148   -1.80039 0.00192987 0.994645 0.40047 4.71626 0.0308317
1  -0.515453   0.137598 -0.0644085   -0.19813    2.54409   -1.79483 0.00201871 0.994645 0.415585 5.56009 0.00944272
1  -0.515963   0.136386 -0.0636444  -0.202006    2.54724   -1.78866 0.00204608 0.993307 0.45624 4.71959 0.0050617
1  -0.513311    0.14529 -0.0700102   -0.15436    2.54091   -1.81996 0.00197984 0.997323 0.401666 8.30079 0.0432027
1 -0.515187   0.13745 -0.064847 -0.198164   2.54225  -1.79518 0.00201981 0.994645 0.50728 4.60898 0.00961527
1   -0.51479   0.142899 -0.0670427  -0.163665    2.55075   -1.80244 0.00193238 0.994645 0.384582 2.04986 0.0324775
1  -0.514444   0.143405 -0.0676147  -0.162368    2.54799   -1.80665 0.00191569 0.994645 0.224618 2.12063 0.0341803
1  -0.514445   0.143405 -0.0676147  -0.162368    2.54799   -1.80665 0.00191569 0.994645 0.50564 6.65176 0.0341802
1  -0.514644    0.14298 -0.0675004  -0.162529    2.54982    -1.8035 0.00194544 0.994645 0.502688 4.06156 0.0332613
1  -0.515418   0.137456 -0.0646545  -0.197642    2.54406   -1.79424 0.00200196 0.993307 0.369653 4.16491 0.00934612
1   -0.51284   0.149446 -0.0730785  -0.129661    2.54425   -1.83513 0.00197628 0.991968 0.532961 4.2782 0.0634052
1  -0.514444   0.143348 -0.0678274  -0.161933    2.54813   -1.80688 0.0019363 0.994645 0.385408 5.08816 0.034516
1  -0.514535   0.143262 -0.0674373   -0.16242    2.54899   -1.80485 0.00192122 0.994645 0.2679 4.73681 0.0336674
1  -0.513096    0.14412 -0.0706236  -0.169455    2.52892   -1.83115 0.0018907 0.997323 0.400731 4.58885 0.0420865
1  -0.516053   0.136332 -0.0634779  -0.201697    2.54823   -1.78713 0.0020502 0.993307 0.523537 4.22656 0.00514828
1  -0.514616   0.143002 -0.0675344  -0.162396     2.5497   -1.80356 0.00194524 0.994645 0.43583 4.87489 0.0333345
1  -0.514616   0.143002 -0.0675344  -0.162396     2.5497   -1.80356 0.00194525 0.994645 0.404678 7.52871 0.0333345
1  -0.514478   0.143308 -0.0675486   -0.16268    2.54826   -1.80608 0.00191856 0.994645 0.432716 4.27145 0.0338388
1  -0.514499   0.143211 -0.0677149  -0.161619    2.54895   -1.80477 0.00194098 0.994645 0.452529 4.46179 0.034058
1  -0.516086   0.135003 -0.0625242  -0.212216    2.54539   -1.78455 0.00203577 0.995984 0.53768 1.99818 0.0026252
1  -0.515319   0.137719 -0.0646792   -0.19727     2.5431   -1.79588 0.00201742 0.994645 0.565682 5.98307 0.0103471
1  -0.515568   0.137969 -0.0655289  -0.198466    2.54331   -1.80302 0.00196593 0.994645 0.609668 5.36113 0.0144141
1  -0.516277   0.136342 -0.0630596  -0.202559    2.54954   -1.78688 0.00205087 0.993307 0.310212 1.75612 0.00531218
1  -0.514955   0.142492 -0.0667016  -0.165643    2.55148   -1.80039 0.00192989 0.994645 0.362261 4.85465 0.0308317
1  -0.516088   0.136279 -0.0634188  -0.201908    2.54849    -1.7868 0.00205217 0.993307 0.543685 2.30059 0.00506968
1  -0.514444   0.143405 -0.0676147  -0.162368    2.54799   -1.80665 0.0019157 0.994645 0.494717 4.14329 0.0341803
1  -0.513482   0.144787 -0.0693545  -0.156282    2.54227   -1.81527 0.00195512 0.997323 0.388874 4.42321 0.0402417
1  -0.516142   0.135063 -0.0626955  -0.210474     2.5465   -1.78382 0.00202678 0.994645 0.40172 5.04917 0.00205094
1   -0.51241   0.146232 -0.0714001  -0.153306    2.53252   -1.82928 0.00191455 0.997323 0.542023 6.54997 0.0479252
1  -0.514524   0.143155 -0.0676689  -0.161814    2.54913   -1.80448 0.00194318 0.994645 0.398528 4.69682 0.0338741
1  -0.514616   0.143002 -0.0675344  -0.162396     2.5497   -1.80356 0.00194524 0.994645 0.439609 3.84298 0.0333345
1  -0.514644    0.14298 -0.0675004  -0.162529    2.54982    -1.8035 0.00194544 0.994645 0.605465 4.66982 0.0332613
1   -0.51337   0.137914 -0.0676916  -0.208875      2.519   -1.81988 0.00198885 0.998661 0.359827 3.20747 0.029401
1  -0.515934   0.134692 -0.0626686  -0.214331    2.54377   -1.78535 0.002043 0.995984 0.441714 5.38758 0.00416203
1  -0.514644    0.14298 -0.0675005  -0.162529    2.54982    -1.8035 0.00194543 0.994645 0.488854 4.5695 0.0332613
1  -0.514644    0.14298 -0.0675005  -0.162529    2.54982    -1.8035 0.00194544 0.994645 0.579194 5.90252 0.0332613
1  -0.516277   0.136342 -0.0630597  -0.202559    2.54954   -1.78688 0.00205087 0.993307 0.493735 1.86299 0.00531217
1  -0.514644    0.14298 -0.0675004  -0.162529    2.54982    -1.8035 0.00194544 0.994645 0.422426 3.28665 0.0332613
1  -0.514575   0.143036 -0.0675925  -0.162275    2.54942   -1.80386 0.00194457 0.994645 0.536103 4.19186 0.0334496
1  -0.514955   0.142492 -0.0667016  -0.165643    2.55148   -1.80039 0.00192988 0.994645 0.324827 2.27579 0.0308316
1  -0.514499   0.143211 -0.0677149  -0.161619    2.54895   -1.80477 0.00194097 0.994645 0.420406 2.18011 0.034058
1   -0.51281   0.149836 -0.0730495  -0.128263    2.54452   -1.83579 0.00196156 0.991968 0.418849 2.53332 0.0645004
1  -0.514173   0.144202 -0.0682095  -0.157771    2.54764   -1.80862 0.00197025 0.997323 0.546264 7.21795 0.0374467
1  -0.515311   0.140181 -0.0664643  -0.182368    2.54697   -1.80333 0.00194192 0.994645 0.548197 5.14466 0.0218661
1  -0.514616   0.143002 -0.0675344  -0.162396     2.5497   -1.80356 0.00194525 0.994645 0.283334 1.8558 0.0333345
1  -0.513482   0.144787 -0.0693545  -0.156282    2.54227   -1.81527 0.00195511 0.997323 0.369972 1.84339 0.0402417
1  -0.514644    0.14298 -0.0675004  -0.162529    2.54982    -1.8035 0.00194544 0.994645 0.568 7.66473 0.0332613
1  -0.514444   0.143348 -0.0678274  -0.161933    2.54813   -1.80688 0.0019363 0.994645 0.501889 4.25691 0.0345161
1  -0.514448   0.143342 -0.0678264  -0.161982    2.54813   -1.80687 0.00193555 0.994645 0.590459 6.80366 0.0344834
1  -0.514804   0.142786 -0.0669823  -0.164304    2.55063    -1.8022 0.00193173 0.994645 0.394968 2.13119 0.0320018
1  -0.514444   0.143405 -0.0676147  -0.162368    2.54799   -1.80665 0.0019157 0.994645 0.393969 2.20454 0.0341803
1  -0.516061   0.136341 -0.0634691  -0.201637    2.54833   -1.78711 0.00205033 0.993307 0.405829 2.42822 0.00521808
1   -0.51281   0.149846 -0.0730741  -0.128282    2.54437    -1.8361 0.00196116 0.991968 0.0613368 1.91296 0.0646174
1  -0.516078   0.136277 -0.0634334  -0.201934    2.54837    -1.7869 0.00205297 0.993307 0.389565 2.54843 0.00502324
1  -0.514448   0.143343 -0.0678264  -0.161982    2.54813   -1.80687 0.00193555 0.994645 0.427278 4.28626 0.0344834
1  -0.515429    0.13748 -0.0646135  -0.197485     2.5444    -1.7939 0.0020018 0.993307 0.3833 5.26197 0.00928074
1  -0.514644    0.14298 -0.0675004  -0.162529    2.54982    -1.8035 0.00194544 0.994645 0.63053 4.82297 0.0332613
1 -0.515354   0.13744 -0.064704 -0.197779   2.54363  -1.79441 0.00200378 0.993307 0.480367 3.40828 0.00935095
1  -0.513659   0.142532 -0.0696342  -0.177308     2.5326   -1.82538 0.00187385 0.995984 0.369062 3.83999 0.03558
1 -0.516062  0.136341 -0.063469 -0.201637   2.54833  -1.78711 0.00205033 0.993307 0.461964 1.75289 0.00521815
1   -0.51617   0.135264 -0.0628329   -0.20948    2.54662   -1.78504 0.00202924 0.994645 0.379268 4.31118 0.00100387
1  -0.514644    0.14298 -0.0675005  -0.162529    2.54982    -1.8035 0.00194544 0.994645 0.420357 7.58338 0.0332613
1  -0.514644    0.14298 -0.0675005  -0.162529    2.54982    -1.8035 0.00194544 0.994645 0.360582 4.86561 0.0332613
1  -0.513142   0.145518 -0.0697516  -0.153792    2.54028   -1.81864 0.00193716 0.997323 0.323092 4.34716 0.0428955
1  -0.512772   0.149949 -0.0731891  -0.128606    2.54346    -1.8379 0.00195122 0.991968 0.242933 2.17112 0.0651826
1  -0.513142   0.145518 -0.0697516  -0.153792    2.54028   -1.81864 0.00193716 0.997323 0.385257 4.15358 0.0428956
1  -0.514549   0.143072 -0.0676299  -0.162134    2.54926   -1.80407 0.00194358 0.994645 0.440023 4.2437 0.0335706
1  -0.514616   0.143002 -0.0675344  -0.162396     2.5497   -1.80356 0.00194525 0.994645 0.468683 4.34566 0.0333345
1  -0.513657   0.144437 -0.0692007   -0.15757    2.54317    -1.8142 0.00197516 0.997323 0.384371 4.86856 0.0391704
1  -0.515106   0.137418 -0.0649221  -0.198709    2.54154   -1.79584 0.00202004 0.994645 0.615235 6.73217 0.00978479
1  -0.516204   0.135248 -0.0625448  -0.210202    2.54707   -1.78422 0.00202235 0.994645 0.427855 2.11393 0.00176615
1  -0.515182   0.137494 -0.0648735   -0.19787    2.54244   -1.79521 0.00201988 0.994645 0.424607 2.42014 0.00975064
1  -0.512917   0.149389 -0.0729583  -0.129528    2.54497     -1.834 0.00197891 0.991968 0.490176 5.12037 0.0630535
1 -0.515188  0.137423 -0.064838 -0.198286   2.54224  -1.79512 0.0020211 0.994645 0.471524 2.61119 0.00953123
1  -0.514444   0.143348 -0.0678274  -0.161933    2.54813   -1.80688 0.00193629 0.994645 0.398572 2.21159 0.0345161
1  -0.514444   0.143405 -0.0676147  -0.162368    2.54799   -1.80665 0.0019157 0.994645 0.572098 2.24556 0.0341802
1  -0.515956   0.139879 -0.0649255  -0.177056    2.55657   -1.78856 0.00200099 0.994645 0.573002 4.55474 0.0227259
