1  -0.514499   0.143211 -0.0677149  -0.161619    2.54895   -1.80477 0.00194097 0.994645 0.42412 0.158626 0.034058
1  -0.515933   0.134676 -0.0626665  -0.214337    2.54376   -1.78525 0.00204351 0.995984 0.393447 0.167881 0.00419556
1  -0.512772   0.149949 -0.0731891  -0.128606    2.54346    -1.8379 0.00195122 0.991968 0.390755 0.0770464 0.0651826
1  -0.512917   0.149389 -0.0729583  -0.129528    2.54497     -1.834 0.00197891 0.991968 0.424775 0.16598 0.0630535
1  -0.514644    0.14298 -0.0675004  -0.162529    2.54982    -1.8035 0.00194544 0.994645 0.557505 0.249056 0.0332612
1  -0.516112   0.139581 -0.0643492   -0.17954    2.55695   -1.78718 0.00202749 0.994645 0.344336 0.13189 0.0212815
1  -0.512772   0.149949 -0.0731891  -0.128606    2.54346    -1.8379 0.00195123 0.991968 0.214348 0.0638303 0.0651825
1  -0.514912   0.142581 -0.0667495  -0.165158    2.55136   -1.80064 0.00193174 0.994645 0.468912 0.0977946 0.0311673
1  -0.514499   0.143211 -0.0677149  -0.161619    2.54895   -1.80477 0.00194097 0.994645 0.439792 0.662339 0.034058
1  -0.515934   0.134692 -0.0626686  -0.214331    2.54377   -1.78535 0.002043 0.995984 0.609727 0.206131 0.00416202
1  -0.511991   0.146046 -0.0718854  -0.157449    2.52686   -1.83458 0.00187943 0.997323 0.206223 0.0215135 0.0490278
1  -0.515934   0.134692 -0.0626686  -0.214332    2.54377   -1.78535 0.00204301 0.995984 0.526077 0.194847 0.00416214
1  -0.514955   0.142492 -0.0667016  -0.165643    2.55148   -1.80039 0.00192988 0.994645 0.470806 0.149071 0.0308316
0  0.498771  0.143324 -0.140364 0.0814561  -2.53359   1.84114 0.00251124 0.98929 0.145658 0.0346493 0.09635
1  -0.512772   0.149949 -0.0731891  -0.128606    2.54346    -1.8379 0.00195122 0.991968 0.429982 0.157224 0.0651825
1  -0.514955   0.142492 -0.0667016  -0.165643    2.55148   -1.80039 0.00192989 0.994645 0.253343 0.0752377 0.0308317
1 -0.514825  0.142874 -0.067009 -0.163163   2.55139  -1.80149 0.00194023 0.994645 0.328615 0.0613665 0.0325901
1  -0.514499   0.143211 -0.0677149  -0.161619    2.54895   -1.80477 0.00194098 0.994645 0.448517 0.149443 0.034058
1  -0.515943   0.134835 -0.0626432  -0.214168    2.54363     -1.786 0.00203643 0.995984 0.399287 0.178722 0.00399928
1   -0.51307    0.14594 -0.0703492  -0.151756    2.53981   -1.82276 0.00197332 0.997323 0.392007 0.159864 0.0457637
1  -0.514616   0.143002 -0.0675345  -0.162396     2.5497   -1.80356 0.00194525 0.994645 0.469227 0.3551 0.0333345
1  -0.516277   0.136342 -0.0630597  -0.202559    2.54954   -1.78688 0.00205087 0.993307 0.459863 0.0922956 0.00531216
1  -0.514644    0.14298 -0.0675005   -0.16253    2.54982    -1.8035 0.00194544 0.994645 0.566458 0.336291 0.0332612
0  0.496277  0.137016 -0.140984 0.0303412  -2.49854   1.86676 0.00257317 0.947791 0.163961 0.106744 0.140663
0  0.497458  0.144074 -0.141645 0.0840076  -2.52663   1.84778 0.00249402 0.990629 0.414664 0.440517 0.0980972
1  -0.514644    0.14298 -0.0675004  -0.162529    2.54982    -1.8035 0.00194544 0.994645 0.554208 0.136386 0.0332613
1   -0.51603   0.134852 -0.0624721  -0.212671    2.54536   -1.78357 0.00204446 0.995984 0.501284 0.15949 0.00333813
1  -0.516277   0.136342 -0.0630597  -0.202559    2.54954   -1.78688 0.00205087 0.993307 0.30807 0.0882225 0.0053122
1  -0.514444   0.143348 -0.0678273  -0.161933    2.54813   -1.80688 0.0019363 0.994645 0.4605 0.245126 0.034516
1 -0.516005  0.134767 -0.062553 -0.213759   2.54465  -1.78455 0.00204049 0.995984 0.498695 0.357511 0.00371099
1  -0.515934   0.134692 -0.0626686  -0.214331    2.54377   -1.78535 0.00204301 0.995984 0.497687 0.19226 0.00416199
1  -0.515441   0.139113 -0.0652037  -0.187708    2.54734   -1.79705 0.00199983 0.994645 0.382749 0.116253 0.0162742
1   -0.51284   0.149446 -0.0730785  -0.129661    2.54425   -1.83513 0.00197628 0.991968 0.479939 0.0634417 0.0634053
1  -0.512772   0.149949 -0.0731891  -0.128606    2.54346    -1.8379 0.00195123 0.991968 0.376265 0.0665298 0.0651825
1  -0.515934   0.134692 -0.0626686  -0.214331    2.54377   -1.78535 0.00204301 0.995984 0.243003 0.115375 0.00416208
1  -0.512917   0.149389 -0.0729583  -0.129528    2.54497     -1.834 0.00197891 0.991968 0.368226 0.0418345 0.0630535
1  -0.515479   0.139162 -0.0651258   -0.18722    2.54775   -1.79681 0.0020067 0.994645 0.407665 0.0796109 0.0165218
1  -0.516148   0.135067 -0.0626982  -0.210496    2.54647   -1.78392 0.00202616 0.994645 0.295192 0.0775544 0.00199521
1  -0.514644    0.14298 -0.0675004  -0.162529    2.54982    -1.8035 0.00194543 0.994645 0.382208 0.220059 0.0332613
1  -0.516277   0.136342 -0.0630597  -0.202559    2.54954   -1.78688 0.00205087 0.993307 0.342195 0.0954337 0.0053122
1  -0.515943   0.134835 -0.0626433  -0.214168    2.54363     -1.786 0.00203644 0.995984 0.367364 0.169304 0.00399935
1  -0.516277   0.136342 -0.0630597  -0.202559    2.54954   -1.78688 0.00205087 0.993307 0.406273 0.367411 0.00531219
1  -0.513316   0.145185 -0.0698565    -0.1551    2.54087   -1.81911 0.001965 0.997323 0.477788 0.10797 0.0424349
1  -0.514644    0.14298 -0.0675005   -0.16253    2.54982    -1.8035 0.00194544 0.994645 0.412063 0.258039 0.0332613
1  -0.512917   0.149389 -0.0729583  -0.129528    2.54497     -1.834 0.00197891 0.991968 0.517257 0.164836 0.0630535
1  -0.516344   0.138544 -0.0639023  -0.187735    2.55492   -1.78842 0.00203557 0.994645 0.351717 0.0575347 0.0160878
1  -0.514912   0.142581 -0.0667495  -0.165158    2.55136   -1.80064 0.00193175 0.994645 0.218121 0.0510785 0.0311673
1 -0.516034  0.134889 -0.062529 -0.213445   2.54459  -1.78516 0.00203757 0.995984 0.474188 0.250883 0.00335954
1  -0.514955   0.142492 -0.0667016  -0.165643    2.55148   -1.80039 0.00192989 0.994645 0.440987 0.155276 0.0308316
1  -0.512917   0.149389 -0.0729583  -0.129528    2.54497     -1.834 0.00197891 0.991968 0.376909 0.208384 0.0630535
1 -0.516005  0.134767 -0.062553 -0.213758   2.54465  -1.78455 0.00204049 0.995984 0.585129 0.410009 0.00371095
1  -0.515933   0.134676 -0.0626665  -0.214337    2.54376   -1.78525 0.00204351 0.995984 0.35138 0.163041 0.00419559
1  -0.512772   0.149949 -0.0731891  -0.128606    2.54346    -1.8379 0.00195122 0.991968 0.256466 0.191051 0.0651825
1  -0.511937   0.149118 -0.0738722  -0.142004    2.52763   -1.84984 0.00200049 0.998661 0.581253 0.0839348 0.063888
1  -0.514644    0.14298 -0.0675004   -0.16253    2.54982    -1.8035 0.00194544 0.994645 0.547883 0.121729 0.0332612
1  -0.512917   0.149389 -0.0729583  -0.129528    2.54497     -1.834 0.00197892 0.991968 0.426064 0.201529 0.0630534
1  -0.515934   0.134692 -0.0626686  -0.214332    2.54377   -1.78535 0.00204301 0.995984 0.37476 0.343124 0.0041621
1  -0.515943   0.134835 -0.0626433  -0.214168    2.54363     -1.786 0.00203644 0.995984 0.397862 0.264753 0.00399924
1   -0.51592   0.134781 -0.0627194  -0.213775    2.54379   -1.78542 0.00203898 0.995984 0.608108 0.145348 0.00384205
1  -0.515943   0.134835 -0.0626432  -0.214168    2.54363     -1.786 0.00203643 0.995984 0.537529 0.278106 0.00399923
1  -0.514912   0.142581 -0.0667495  -0.165158    2.55136   -1.80064 0.00193174 0.994645 0.584127 0.164517 0.0311673
1  -0.515934   0.134692 -0.0626685  -0.214331    2.54377   -1.78535 0.00204301 0.995984 0.594364 0.736119 0.004162
1  -0.515943   0.134835 -0.0626433  -0.214168    2.54363     -1.786 0.00203644 0.995984 0.315066 0.0841322 0.00399942
1  -0.515933   0.134676 -0.0626665  -0.214337    2.54376   -1.78525 0.00204351 0.995984 0.608638 0.114296 0.00419561
1  -0.512906   0.149423 -0.0729815  -0.129709    2.54475   -1.83464 0.00197624 0.991968 0.56057 0.126029 0.0632294
1  -0.515934   0.134692 -0.0626686  -0.214331    2.54377   -1.78535 0.00204301 0.995984 0.588994 0.365255 0.00416209
1  -0.513531   0.144842 -0.0695171  -0.155742    2.54247   -1.81624 0.00197435 0.997323 0.532995 0.230734 0.0409557
1  -0.515934   0.134692 -0.0626686  -0.214331    2.54377   -1.78535 0.002043 0.995984 0.396933 0.285586 0.00416204
1 -0.516005  0.134767 -0.062553 -0.213758   2.54465  -1.78455 0.00204049 0.995984 0.50011 0.314694 0.00371084
1  -0.512917   0.149389 -0.0729583  -0.129528    2.54497     -1.834 0.00197891 0.991968 0.546014 0.114115 0.0630535
1  -0.514644    0.14298 -0.0675005  -0.162529    2.54982    -1.8035 0.00194544 0.994645 0.439552 0.474372 0.0332612
1  -0.514499   0.143211 -0.0677149  -0.161619    2.54895   -1.80477 0.00194098 0.994645 0.483166 0.192586 0.034058
1   -0.51337   0.137914 -0.0676916  -0.208875      2.519   -1.81988 0.00198885 0.998661 0.359827 0.104003 0.0294009
1  -0.516088   0.136279 -0.0634188  -0.201908    2.54849    -1.7868 0.00205216 0.993307 0.357165 0.192259 0.00506973
1  -0.515943   0.134835 -0.0626433  -0.214168    2.54363     -1.786 0.00203644 0.995984 0.539005 0.159043 0.00399937
1  -0.516088   0.136279 -0.0634188  -0.201908    2.54849    -1.7868 0.00205217 0.993307 0.547308 0.144666 0.00506969
1   -0.51488   0.142757 -0.0668819  -0.164378    2.55116   -1.80171 0.00193193 0.994645 0.523097 0.050817 0.0319197
1  -0.515934   0.134692 -0.0626686  -0.214331    2.54377   -1.78535 0.00204301 0.995984 0.393459 0.418933 0.00416205
1  -0.515943   0.134835 -0.0626433  -0.214168    2.54363     -1.786 0.00203644 0.995984 0.494143 0.259874 0.00399938
1  -0.516117   0.139707 -0.0643132  -0.178943    2.55719   -1.78722 0.00202631 0.994645 0.291091 0.0372526 0.0217344
1  -0.512917   0.149389 -0.0729583  -0.129528    2.54497     -1.834 0.00197891 0.991968 0.409077 0.0656348 0.0630535
1 -0.515675  0.138433 -0.064639 -0.190239   2.54876  -1.79268 0.00200435 0.993307 0.406171 0.0737163 0.0135054
1  -0.515413   0.137448 -0.0644899  -0.198105    2.54385   -1.79386 0.00202036 0.994645 0.451355 0.266737 0.00894152
1  -0.513531   0.144842 -0.0695171  -0.155742    2.54247   -1.81624 0.00197435 0.997323 0.38323 0.238372 0.0409557
1  -0.512917   0.149389 -0.0729583  -0.129528    2.54497     -1.834 0.00197891 0.991968 0.270932 0.0548778 0.0630535
1  -0.512917   0.149389 -0.0729583  -0.129528    2.54497     -1.834 0.00197891 0.991968 0.362304 0.0482798 0.0630535
1  -0.515933   0.134676 -0.0626665  -0.214337    2.54376   -1.78525 0.00204351 0.995984 0.57474 0.377221 0.00419551
1  -0.512917   0.149389 -0.0729583  -0.129528    2.54497     -1.834 0.00197891 0.991968 0.490927 0.115303 0.0630535
1  -0.516111   0.135995 -0.0631615  -0.203778    2.54816   -1.78579 0.00205534 0.993307 0.577711 0.176968 0.00376172
1  -0.514955   0.142492 -0.0667016  -0.165643    2.55148   -1.80039 0.00192988 0.994645 0.39555 0.0905535 0.0308316
1  -0.516277   0.136342 -0.0630597  -0.202559    2.54954   -1.78688 0.00205087 0.993307 0.351205 0.0909933 0.00531214
1  -0.512917   0.149389 -0.0729583  -0.129528    2.54497     -1.834 0.00197891 0.991968 0.426527 0.0789167 0.0630535
1  -0.512851   0.149814 -0.0729518  -0.128368    2.54508   -1.83523 0.00196454 0.991968 0.0597204 0.032731 0.0642821
1  -0.512917   0.149389 -0.0729583  -0.129528    2.54497     -1.834 0.00197892 0.991968 0.411584 0.0873312 0.0630535
1  -0.514644    0.14298 -0.0675005   -0.16253    2.54982    -1.8035 0.00194544 0.994645 0.424351 0.189597 0.0332612
1  -0.512917   0.149389 -0.0729583  -0.129528    2.54497     -1.834 0.00197891 0.991968 0.390351 0.146025 0.0630535
1  -0.514644    0.14298 -0.0675005   -0.16253    2.54982    -1.8035 0.00194544 0.994645 0.409961 0.169443 0.0332613
1  -0.515934   0.134692 -0.0626685  -0.214332    2.54377   -1.78535 0.00204301 0.995984 0.470194 0.314563 0.00416208
1  -0.515933   0.134676 -0.0626665  -0.214337    2.54376   -1.78525 0.0020435 0.995984 0.337536 0.131136 0.00419552
1  -0.514499   0.143211 -0.0677149  -0.161619    2.54895   -1.80477 0.00194097 0.994645 0.49066 0.0947334 0.034058
1  -0.512917   0.149389 -0.0729583  -0.129528    2.54497     -1.834 0.00197891 0.991968 0.394665 0.189521 0.0630535
1  -0.514539   0.143115 -0.0676393  -0.161964    2.54924   -1.80426 0.00194421 0.994645 0.420723 0.30719 0.0337349
1  -0.516088   0.136279 -0.0634188  -0.201908    2.54849    -1.7868 0.00205217 0.993307 0.510757 0.137679 0.00506969
1  -0.512917   0.149389 -0.0729583  -0.129528    2.54497     -1.834 0.00197892 0.991968 0.236997 0.10529 0.0630535
1  -0.512772   0.149949 -0.0731891  -0.128606    2.54346    -1.8379 0.00195122 0.991968 0.242936 0.0479863 0.0651825
1   -0.51477   0.143367 -0.0672945  -0.160125    2.55173   -1.80254 0.00195351 0.994645 0.453915 0.11541 0.034762
1  -0.512917   0.149389 -0.0729583  -0.129528    2.54497     -1.834 0.00197891 0.991968 0.429843 0.199457 0.0630534
1  -0.515933   0.134676 -0.0626665  -0.214337    2.54376   -1.78525 0.00204351 0.995984 0.441845 0.192003 0.00419556
1  -0.512772   0.149949 -0.0731891  -0.128606    2.54346    -1.8379 0.00195122 0.991968 0.294804 0.137043 0.0651826
1  -0.515934   0.134692 -0.0626686  -0.214332    2.54377   -1.78535 0.002043 0.995984 0.610861 0.191679 0.00416209
1  -0.514912   0.142582 -0.0667495  -0.165158    2.55136   -1.80064 0.00193174 0.994645 0.453489 0.070153 0.0311674
1  -0.512917   0.149389 -0.0729583  -0.129528    2.54497     -1.834 0.00197891 0.991968 0.436279 0.0648327 0.0630535
0  0.498771  0.143324 -0.140364  0.081456  -2.53359   1.84114 0.00251124 0.98929 0.402948 0.121342 0.09635
1  -0.512917   0.149389 -0.0729583  -0.129528    2.54497     -1.834 0.00197891 0.991968 0.482557 0.0763445 0.0630535
1  -0.514644    0.14298 -0.0675004  -0.162529    2.54982    -1.8035 0.00194544 0.994645 0.395732 0.10584 0.0332613
1  -0.512772   0.149949 -0.0731891  -0.128606    2.54346    -1.8379 0.00195122 0.991968 0.564163 0.0866464 0.0651826
1  -0.516413   0.138553 -0.0639214  -0.186081    2.55679   -1.78623 0.00203779 0.994645 0.565149 0.253012 0.0174561
