1   -0.51352   0.148636 -0.0715664  -0.129344    2.55329   -1.82041 0.00204012 0.991968 0.394704 4.41651 0.0589267
1  -0.514281   0.143475 -0.0680454  -0.161871    2.54682   -1.80927 0.0019496 0.994645 0.421322 4.78351 0.0352669
1  -0.514849   0.142813 -0.0662056  -0.159382    2.55609   -1.79293 0.00203103 0.993307 0.365836 2.64867 0.0338423
1  -0.518423   0.144172 -0.0621202  -0.123276    2.60136   -1.74337 0.00242348 0.973226 0.295547 3.45226 0.0740902
1   -0.51581   0.133269 -0.0628179  -0.225169    2.53985   -1.78986 0.00213486 0.995984 0.514422 5.0124 0.0117547
1   -0.51481   0.143144 -0.0672846  -0.162303    2.55041   -1.80324 0.00191599 0.994645 0.646588 4.97301 0.0334487
0  0.496894  0.149503 -0.144481  0.124945  -2.53682   1.84813 0.00210388 0.993307 0.152885 2.12581 0.0715828
1  -0.513513   0.144319 -0.0690897  -0.158995    2.54233   -1.81377 0.00194972 0.997323 0.463968 4.77653 0.038159
1  -0.514597   0.143248 -0.0674791  -0.160659     2.5506   -1.80258 0.00194777 0.994645 0.548605 7.95733 0.0342009
1  -0.515485   0.139064 -0.0652308  -0.187803    2.54749   -1.79698 0.00199866 0.994645 0.415503 4.31704 0.0162167
1  -0.516676   0.141112 -0.0631687  -0.164528    2.57247    -1.7673 0.0021104 0.994645 0.108673 2.10606 0.0366688
1  -0.516477   0.137183 -0.0638407  -0.197203    2.55385   -1.78695 0.00202933 0.995984 0.316883 3.85294 0.0103457
1   -0.51451   0.143595 -0.0680971  -0.165103    2.54517   -1.81629 0.00194769 0.994645 0.679352 4.16625 0.0365803
1  -0.514591   0.143014 -0.0674041  -0.161784    2.55053   -1.80183 0.00194877 0.994645 0.337015 2.55687 0.0332877
1  -0.513522   0.149226 -0.0714927  -0.127428    2.55324   -1.82361 0.00205991 0.993307 0.398229 4.64095 0.0612807
1  -0.513741   0.143957 -0.0685874  -0.160533    2.54346   -1.81316 0.00195325 0.994645 0.244302 2.28483 0.0371756
1  -0.515544    0.14237 -0.0657707  -0.163656    2.55778   -1.79345 0.00196804 0.994645 0.318993 2.44577 0.0319476
1  -0.514563   0.143985 -0.0674531  -0.157115    2.55169   -1.80387 0.00196785 0.994645 0.440881 4.24586 0.036944
1  -0.514382    0.14382 -0.0675406  -0.158187    2.54978    -1.8027 0.00191985 0.994645 0.433675 4.58856 0.0355481
1  -0.513495   0.148447 -0.0707434  -0.129021    2.55444   -1.81299 0.00208111 0.994645 0.358795 3.94955 0.0567356
1  -0.515797   0.137572 -0.0639068  -0.195713    2.54806   -1.78832 0.00201787 0.994645 0.449412 7.94989 0.00891662
1  -0.515265   0.137904 -0.0646266   -0.19513    2.54442   -1.79384 0.00200743 0.993307 0.471304 2.10731 0.0104962
1  -0.517148   0.132344 -0.0603322  -0.223927    2.55138   -1.77301 0.00212689 0.994645 0.355037 5.75323 0.013821
1  -0.516426   0.139084 -0.0641145  -0.181044    2.55977   -1.78247 0.00200972 0.994645 0.347029 3.06664 0.0212084
1  -0.515718   0.142988 -0.0656214  -0.160146    2.56029   -1.79336 0.00199081 0.994645 0.532766 5.21135 0.0348803
1  -0.514635   0.143672 -0.0675095  -0.159338     2.5515   -1.80266 0.0019738 0.997323 0.415399 5.28765 0.0352139
1  -0.517148    0.13404 -0.0607835  -0.211922    2.55594   -1.77016 0.00207241 0.994645 0.494464 3.68461 0.0129453
1  -0.512837   0.145627 -0.0701319  -0.153357    2.53792   -1.82037 0.00193271 0.997323 0.347935 1.86361 0.0437538
1  -0.513597   0.148648 -0.0715642  -0.128851     2.5539   -1.81916 0.00203512 0.991968 0.399309 5.19133 0.0588594
1  -0.513272   0.145004 -0.0698107  -0.155821    2.54067   -1.81853 0.00197125 0.997323 0.587887 6.34854 0.0417751
1 -0.514826  0.142773 -0.067049 -0.162683   2.55192  -1.80061 0.00196611 0.994645 0.399961 3.79896 0.032696
1  -0.512467   0.146652 -0.0718075   -0.15214    2.53185   -1.83712 0.00196934 0.995984 0.459528 3.85453 0.0524794
1  -0.512767    0.15007 -0.0730211  -0.123385    2.54606   -1.83305 0.0020803 0.993307 0.452567 1.89514 0.0659936
0  0.500422  0.145956 -0.140961  0.110414   -2.5557    1.8217 0.00220072 0.995984 0.29651 2.25358 0.0715934
1  -0.515963   0.141822 -0.0653228  -0.163999    2.56144   -1.78739 0.00198639 0.994645 0.263982 2.8351 0.0319681
1 -0.514898  0.141971  -0.06679 -0.163058   2.55386  -1.79302 0.00199899 0.994645 0.361817 2.01493 0.0309814
1  -0.515079   0.143263 -0.0664787  -0.159544    2.55603   -1.79655 0.00195867 0.994645 0.421843 2.03182 0.0345378
1  -0.514982   0.136583 -0.0652061  -0.202537    2.53867   -1.79809 0.00206021 0.991968 0.283346 4.18197 0.0102366
1  -0.515224   0.138598 -0.0656343  -0.190674    2.54559   -1.79639 0.00197437 0.994645 0.373021 3.74653 0.0140756
1 -0.516471  0.135851 -0.062132 -0.203513   2.55326  -1.77872 0.00206449 0.993307 0.337826 1.90205 0.00794934
1  -0.518938   0.137159 -0.0593624  -0.175771    2.58755   -1.74413 0.00220982 0.987952 0.313503 4.64162 0.0458953
1  -0.515823   0.137447 -0.0638727  -0.198918     2.5466   -1.79289 0.0020254 0.994645 0.413649 5.54852 0.00845594
1  -0.515665   0.137219 -0.0634438  -0.196225     2.5487   -1.78737 0.00211098 0.991968 0.438991 4.6889 0.00862847
1   -0.51154   0.147312 -0.0726164  -0.145775    2.52941   -1.83336 0.00195961 0.997323 0.407779 8.27616 0.0535747
1  -0.514991   0.137252 -0.0650081  -0.197553    2.54209   -1.79235 0.00203213 0.994645 0.504274 4.5926 0.00879663
1  -0.515143   0.142613 -0.0664154  -0.163056    2.55449   -1.79642 0.00194137 0.994645 0.381718 2.02851 0.0319719
1  -0.514296   0.143891 -0.0677769  -0.160719    2.54749   -1.81004 0.0019523 0.994645 0.209803 2.0929 0.0363751
1  -0.514021   0.143392 -0.0682054  -0.162487    2.54502   -1.80816 0.00190762 0.994645 0.507723 6.63047 0.0342274
1  -0.515015   0.142863 -0.0666267  -0.161486    2.55451     -1.799 0.00199769 0.993307 0.489331 4.04268 0.033606
1  -0.515447    0.13766 -0.0647455  -0.197021    2.54388   -1.79598 0.00199897 0.993307 0.370592 4.15064 0.0105189
1  -0.513982   0.149844 -0.0707877  -0.121444    2.55906   -1.81567 0.00207972 0.994645 0.508516 4.25948 0.0631574
1 -0.513651  0.144221 -0.068617 -0.153285   2.54779  -1.80065 0.00198746 0.997323 0.369169 5.03132 0.0375807
1  -0.514509   0.143022 -0.0673539  -0.162751    2.54947   -1.80348 0.00195021 0.994645 0.256854 4.71253 0.0330741
1  -0.514033   0.143911 -0.0691042  -0.168611    2.53758   -1.82041 0.00194094 0.998661 0.384809 4.57098 0.0363479
1  -0.516383   0.135823 -0.0623769  -0.199337    2.55525   -1.77416 0.00210886 0.993307 0.509904 4.21153 0.011997
1  -0.514581   0.143026 -0.0675536  -0.162184    2.54956   -1.80366 0.00194874 0.994645 0.434815 4.86493 0.0334606
1  -0.514857   0.142664 -0.0668019  -0.161805    2.55393   -1.79732 0.0020005 0.994645 0.387768 7.5124 0.0327697
1  -0.514372   0.143311 -0.0677157  -0.162891    2.54723   -1.80739 0.00192483 0.994645 0.430861 4.26124 0.0340338
1  -0.513747   0.143928 -0.0688288  -0.158587    2.54412   -1.80993 0.00193479 0.994645 0.454273 4.44513 0.0369632
1  -0.516111   0.134937 -0.0623085  -0.211318     2.5469   -1.78183 0.00205164 0.995984 0.534076 1.98835 0.00360884
1  -0.514976   0.138181 -0.0653263  -0.196357    2.53961   -1.80113 0.00198623 0.993307 0.572397 5.96943 0.013797
1  -0.516907    0.13731 -0.0636823  -0.197727    2.55523   -1.78951 0.0019951 0.994645 0.603876 5.31694 0.0118847
1  -0.516322   0.136253 -0.0629237  -0.201072    2.55125   -1.78297 0.00205359 0.993307 0.309298 1.73907 0.0067516
1 -0.515903  0.141173  -0.06475 -0.168326   2.56105   -1.7856 0.00198736 0.993307 0.343268 4.81 0.0291379
1  -0.516437   0.135745 -0.0627429  -0.202367    2.55218   -1.78031 0.00207754 0.993307 0.538046 2.28355 0.00724548
1  -0.513688   0.144374 -0.0691162  -0.160547     2.5403   -1.81839 0.00189796 0.994645 0.499394 4.12632 0.0392552
1  -0.512828   0.145347 -0.0705781  -0.155175    2.53594   -1.82332 0.00194253 0.997323 0.392808 4.41331 0.0440894
1  -0.516576   0.134516 -0.0614073  -0.208433     2.5544   -1.76935 0.0020703 0.994645 0.388875 5.02764 0.012887
1  -0.512108   0.147049 -0.0718401   -0.14943    2.53122   -1.83229 0.00193385 0.998661 0.537405 6.5288 0.0512869
1  -0.514284   0.143301 -0.0680674  -0.161499    2.54712   -1.80707 0.00194902 0.994645 0.39672 4.6856 0.0346368
1  -0.513905   0.142908 -0.0686542  -0.164851    2.54164   -1.81809 0.00221311 0.987952 0.36244 3.81077 0.0369743
1  -0.514766   0.142972 -0.0672463  -0.161968    2.55132   -1.80165 0.00195177 0.994645 0.604181 4.66177 0.0332997
1   -0.51436   0.136162 -0.0656162  -0.214707      2.527   -1.80698 0.00203526 1 0.34489 3.17459 0.0196526
1  -0.516951   0.132085 -0.0609303  -0.226207    2.54784   -1.77655 0.00213208 0.995984 0.417371 5.33372 0.0132608
1  -0.516324   0.140945 -0.0637204  -0.159736    2.57182   -1.76655 0.00209967 0.991968 0.448329 4.54772 0.0390037
1  -0.516218   0.140998 -0.0647455  -0.170409     2.5613   -1.78863 0.00198013 0.991968 0.571689 5.86519 0.0285058
1  -0.516301   0.136899 -0.0625059  -0.193912    2.55531   -1.77813 0.00211994 0.991968 0.476685 1.81483 0.0129693
1  -0.514978   0.142304 -0.0666655  -0.164829    2.55297   -1.79828 0.00195809 0.993307 0.418672 3.26713 0.0310103
1  -0.514323   0.142923 -0.0679488  -0.163877    2.54672   -1.80673 0.00194326 0.994645 0.536417 4.17505 0.0331077
1  -0.515712   0.140953 -0.0653101  -0.171187    2.55695   -1.79017 0.00195219 0.993307 0.317023 2.22767 0.0265661
1  -0.514445   0.143437 -0.0676991  -0.159758    2.54981    -1.8033 0.00194281 0.994645 0.419857 2.16763 0.0347943
1  -0.512836   0.149545 -0.0727409   -0.12686      2.547   -1.82907 0.00200413 0.993307 0.406235 2.52128 0.0625873
1  -0.514281   0.144154 -0.0681735  -0.158401    2.54776    -1.8089 0.0019619 0.997323 0.548187 7.20819 0.0372225
1  -0.515736   0.139799 -0.0656406  -0.183461    2.55075   -1.79902 0.00197224 0.994645 0.541141 5.12554 0.0203195
1  -0.514763   0.142957 -0.0673085  -0.162392    2.55099   -1.80234 0.00194917 0.994645 0.281889 1.84817 0.0332045
1  -0.511997   0.146263 -0.0719165  -0.157131    2.52715   -1.83836 0.00190619 0.997323 0.385737 1.81923 0.0511585
1   -0.51561   0.142513 -0.0661388  -0.167175    2.55508   -1.80303 0.00197834 0.993307 0.560695 7.64579 0.0320622
1  -0.512947   0.145139 -0.0702719  -0.157878    2.53622   -1.82594 0.00198475 0.997323 0.489425 4.21957 0.044066
1  -0.515051   0.142977 -0.0674439   -0.16716    2.54884   -1.81093 0.00194678 0.994645 0.588083 6.78827 0.0336704
1  -0.516186   0.141611 -0.0646123  -0.166515    2.56289   -1.78602 0.00195888 0.993307 0.386466 2.09889 0.0309948
1  -0.513858   0.144796 -0.0687826  -0.156105    2.54513   -1.81348 0.00196523 0.997323 0.378298 2.14477 0.0399315
1  -0.517684   0.135215 -0.0601105  -0.191556    2.57108   -1.75149 0.00218587 0.98929 0.366552 2.36396 0.0311854
1  -0.511408   0.151224 -0.0752798  -0.122625    2.53435   -1.84587 0.00200473 0.997323 0.0404824 1.87033 0.0710535
1  -0.518335   0.134949 -0.0588027  -0.194969     2.5756   -1.74882 0.00219907 0.98929 0.346124 2.50498 0.0336404
1  -0.513683   0.144009 -0.0690486  -0.160864    2.54166   -1.81546 0.00192199 0.994645 0.43129 4.27146 0.0378256
1  -0.516059   0.137895 -0.0637424   -0.19315    2.55108   -1.78893 0.00202124 0.993307 0.377309 5.23084 0.0115503
1  -0.515015   0.142056 -0.0668037  -0.165016     2.5533   -1.79689 0.00198869 0.994645 0.622316 4.80862 0.0305649
1  -0.515631   0.137493 -0.0644605  -0.196679    2.54573   -1.79246 0.00199658 0.993307 0.482235 3.3776 0.00917961
1  -0.514229   0.141489 -0.0687957  -0.182032    2.53549   -1.82008 0.0018688 0.994645 0.370764 3.80477 0.0305844
1 -0.516998  0.135133 -0.061462 -0.199731   2.56052    -1.766 0.00211847 0.991968 0.444082 1.73357 0.0178854
1 -0.516584  0.134873 -0.062006 -0.209591   2.55149  -1.77836 0.0020539 0.994645 0.371726 4.29808 0.00648155
1  -0.515988   0.140141 -0.0646921  -0.170938    2.56194   -1.77991 0.00200751 0.993307 0.401863 7.53215 0.0276721
1   -0.51525   0.142537 -0.0665846  -0.163995    2.55448   -1.79858 0.00196252 0.994645 0.354966 4.8534 0.0320164
1  -0.513255    0.14572 -0.0696446   -0.15266     2.5414   -1.81852 0.0019455 0.997323 0.320175 4.33247 0.0435366
1  -0.512342   0.152829 -0.0726615   -0.10452     2.5519   -1.82716 0.00222507 0.995984 0.136682 2.12787 0.075211
1  -0.512565   0.145842 -0.0706464  -0.152912    2.53579   -1.82328 0.00193186 0.997323 0.386937 4.13691 0.045242
1  -0.513931   0.143321 -0.0685981  -0.164071    2.54261   -1.81301 0.00192894 0.994645 0.44424 4.2223 0.0351229
1  -0.515902   0.141347 -0.0655839  -0.166641    2.55953   -1.78878 0.00197846 0.993307 0.459613 4.31941 0.0298854
1  -0.511496   0.146252 -0.0728299  -0.156738    2.52351   -1.84169 0.00193415 0.997323 0.397151 4.82915 0.0533826
1  -0.514765   0.138065 -0.0656642  -0.198791    2.53706   -1.80445 0.00199581 0.994645 0.61985 6.71547 0.0153682
1  -0.516542   0.134915 -0.0619388  -0.210089    2.55052   -1.77935 0.00204504 0.994645 0.421436 2.09739 0.00562018
1  -0.515831   0.137213 -0.0638814  -0.197502    2.54856   -1.78836 0.0020132 0.993307 0.426512 2.39175 0.0079767
1  -0.512781   0.150703 -0.0718957  -0.109504    2.55559   -1.81283 0.00224343 0.995984 0.422029 5.08281 0.0683936
1  -0.515329   0.137482 -0.0646815  -0.198341    2.54304   -1.79465 0.00200734 0.994645 0.475124 2.5917 0.00922928
1  -0.514689   0.143625 -0.0676766  -0.161618    2.54939   -1.80916 0.00195822 0.994645 0.391762 2.18801 0.0358928
1  -0.514505   0.143538 -0.0675987  -0.161885    2.54871   -1.80586 0.00190025 0.994645 0.575549 2.2246 0.0343014
1  -0.516844   0.138426 -0.0631181  -0.179215     2.5654   -1.77338 0.00207473 0.991968 0.557265 4.52988 0.0253834
