0.0137206    5.39091 5.40463
0.0136996    5.79829 5.81199
0.0139018    3.57498 3.58888
0.013767    4.53484 4.54861
0.0139192    6.1046 6.11852
0.0137117    5.89612 5.90983
0.013857    2.96523 2.97909
0.0135917    5.76663 5.78022
0.013595    9.382 9.3956
0.0138586    5.40439 5.41825
0.0137245    3.00198 3.01571
0.0136301    4.87323 4.88686
0.0137867    5.10132 5.11511
0.0136411    3.41661 3.43025
0.0135654    5.53364 5.54721
0.0138822    3.20075 3.21463
0.0140604    3.31942 3.33348
0.0139971    5.21012 5.22412
0.0140389    5.59469 5.60872
0.0137153    4.97935 4.99307
0.0137832    9.16573 9.17951
0.0136961    3.02988 3.04358
0.0146525    7.0156 7.03025
0.0139194    3.97523 3.98915
0.0137028    6.49952 6.51323
0.0136958    6.27744 6.29113
0.0138624    4.71147 4.72533
0.013547    2.82406 2.83761
0.013693    6.22603 6.23972
0.0137141    7.55057 7.56428
0.0137082    4.79219 4.8059
0.0137504    4.83762 4.85137
0.0137013    2.80978 2.82348
0.0146792    3.16518 3.17986
0.0136742    3.84707 3.86075
0.0138785    2.82446 2.83834
0.0137346    2.97223 2.98596
0.0138356    5.07773 5.09156
0.0137974    4.8281 4.8419
0.013687    2.83609 2.84978
0.0142803    5.76338 5.77766
0.0139002    6.77694 6.79084
0.0141609    5.62417 5.63834
0.0142322    9.40929 9.42352
0.01376    5.59876 5.61252
0.0137296    2.87857 2.8923
0.0138618    2.9425 2.95636
0.0137226    7.68723 7.70095
0.0137311    4.96598 4.97972
0.0138514    5.17266 5.18651
0.0135436    5.46458 5.47812
0.0136599    6.12711 6.14077
0.0135823    5.73282 5.7464
0.013748    5.50976 5.52351
0.0137217    5.17195 5.18567
0.0137234    5.83342 5.84714
0.0137337    8.68699 8.70072
0.0136442    5.30224 5.31589
0.0137297    5.45367 5.4674
0.0139104    3.0699 3.08381
0.0144081    6.9807 6.99511
0.013868    6.85926 6.87313
0.0139253    2.61073 2.62466
0.0138254    5.71182 5.72564
0.0136179    3.20552 3.21914
0.0139702    5.30614 5.32011
0.0137426    5.43898 5.45272
0.0136783    6.04066 6.05434
0.0137045    7.7136 7.72731
0.0137749    5.5841 5.59787
0.0136142    5.1222 5.13582
0.0137424    5.67698 5.69072
0.0146585    4.2091 4.22376
0.0148132    6.44399 6.4588
0.0137791    5.58236 5.59614
0.014025    6.84283 6.85686
0.0140482    2.76955 2.7836
0.0137298    4.43587 4.4496
0.0137214    5.25868 5.2724
0.013706    3.04114 3.05485
0.0148569    3.04108 3.05594
0.0141049    3.45499 3.4691
0.0138147    8.33484 8.34865
0.0139503    6.15717 6.17112
0.0140631    2.72365 2.73772
0.0137247    2.61467 2.62839
0.0136572    8.79006 8.80372
0.0135644    5.21131 5.22488
0.0136982    7.82217 7.83587
0.0138673    3.01958 3.03345
0.0135524    3.10569 3.11925
0.01389    3.26885 3.28274
0.0137091    2.69445 2.70816
0.0138343    3.43375 3.44759
0.0136437    5.31916 5.3328
0.0141384    6.19288 6.20702
0.0137979    5.7724 5.7862
0.0137687    4.51886 4.53263
0.0138754    4.77958 4.79346
0.0137104    2.67332 2.68703
0.0138577    5.29553 5.30939
0.0138439    8.68417 8.69801
0.0139885    5.77981 5.7938
0.0136279    5.25455 5.26817
0.0145431    3.02912 3.04367
0.0136474    5.0179 5.03155
0.0136027    5.25514 5.26875
0.0138434    5.36282 5.37667
0.0136507    5.76502 5.77867
0.0136931    7.72978 7.74347
0.013886    2.96751 2.98139
0.0137862    3.32937 3.34316
0.0137102    5.94221 5.95592
0.0138052    3.4714 3.48521
0.0140137    3.16577 3.17979
0.0136703    3.17638 3.19005
0.0137075    5.6065 5.62021
