0.0165822    11.1591 11.1757
0.0147183    12.7046 12.7193
0.0148328    7.44628 7.46112
0.0145983    6.46659 6.48118
0.0146747    9.45332 9.46799
0.0147226    7.6043 7.61903
0.0148609    7.69118 7.70604
0.0145702    10.5408 10.5553
0.0152479    13.0818 13.0971
0.0148211    8.08431 8.09913
0.0148401    7.40586 7.4207
0.0146035    12.0094 12.024
0.014713    15.6311 15.6458
0.0148309    8.35092 8.36575
0.0149052    7.99345 8.00835
0.0152208    7.2583 7.27352
0.0148219    7.87914 7.89396
0.0146842    8.37289 8.38757
0.0148885    7.40889 7.42377
0.0152294    10.176 10.1912
0.0147174    9.75291 9.76762
0.0150879    7.73756 7.75265
0.0153276    7.05509 7.07041
0.0143824    7.92668 7.94106
0.0147249    8.42577 8.4405
0.0143302    6.95732 6.97165
0.0146217    7.8115 7.82612
0.0145375    13.7517 13.7662
0.0150863    6.71856 6.73365
0.0145166    8.31079 8.3253
0.0147839    7.98711 8.00189
0.0145973    8.67281 8.68741
0.0145927    7.87748 7.89208
0.0144078    7.68258 7.69699
0.0144301    8.9651 8.97953
0.014514    7.93605 7.95057
0.0146463    7.14272 7.15737
0.0144494    15.8651 15.8795
0.0146333    8.0519 8.06653
0.0146105    7.50262 7.51723
0.0144146    8.31561 8.33003
0.0145589    7.72402 7.73857
0.0147047    8.33419 8.34889
0.0145326    7.6856 7.70013
0.0147757    14.4652 14.48
0.0146879    7.11112 7.12581
0.0144316    15.7547 15.7691
0.0158356    7.90294 7.91877
0.0145862    6.65471 6.6693
0.0145658    7.45357 7.46814
0.0145117    7.47963 7.49414
0.014882    6.83988 6.85476
0.0145917    9.15808 9.17267
0.0147707    15.7692 15.784
0.0144256    6.85613 6.87056
0.0152213    8.57212 8.58734
0.0143367    8.50498 8.51932
0.0148205    9.49604 9.51086
0.0144341    8.07118 8.08562
0.0148968    9.62523 9.64013
0.0143541    8.49991 8.51427
0.0147717    9.9812 9.99597
0.0145571    7.7883 7.80286
0.0147382    7.75194 7.76668
0.0146115    7.09385 7.10847
0.0148464    10.0797 10.0945
0.0148517    8.10687 8.12173
0.0146566    13.508 13.5226
0.0146251    7.59526 7.60989
0.0145786    14.7909 14.8055
0.0160086    14.598 14.614
0.0159738    9.7862 9.80218
0.0147623    7.86904 7.8838
0.014726    8.81769 8.83241
0.0150651    11.9959 12.011
0.0145345    8.46348 8.47802
0.0148091    7.12754 7.14234
0.0147293    8.61367 8.6284
0.0145794    8.31385 8.32843
0.0147141    7.55738 7.5721
0.0146128    13.2656 13.2802
0.0147926    8.18319 8.19798
0.0147069    7.31936 7.33407
0.0148482    7.58423 7.59908
0.0145668    13.3595 13.374
0.0145914    7.69203 7.70663
0.0146961    9.87437 9.88907
0.014638    14.316 14.3307
0.0147962    8.42624 8.44104
0.0145561    7.48547 7.50003
0.0148655    6.106 6.12087
0.0145942    9.07418 9.08878
0.0148177    7.02299 7.03781
0.0156525    6.03016 6.04581
0.0147398    8.66331 8.67805
0.0148469    13.5231 13.5379
0.0148121    9.80345 9.81826
0.014567    12.3533 12.3678
0.0146122    7.75811 7.77273
0.0148263    8.62343 8.63826
0.0146113    7.39804 7.41265
0.014594    7.75611 7.7707
0.0147654    12.955 12.9697
0.0149736    6.91185 6.92683
0.0145523    8.18268 8.19724
0.0146364    8.09349 8.10813
0.0147809    7.47523 7.49001
0.0144142    8.2898 8.30421
0.0143477    7.88249 7.89683
0.0143557    15.5928 15.6072
0.0145033    9.55304 9.56754
0.0149774    13.5181 13.5331
0.0145153    6.62383 6.63835
0.0145752    7.44822 7.4628
0.0143625    6.9535 6.96786
0.014465    8.31855 8.33302
0.0143867    7.55353 7.56792
0.0147147    7.15355 7.16827
0.0143369    14.9935 15.0078
