1  -0.16843   -1.5795 -0.370628  -2.34864  0.201623 -0.139399 0.00212819 0.909651 0.446485 2.18381 0.0595707
1  -0.14955  -1.57201 -0.382209   -2.3339   0.18841 -0.117503 0.00201633 0.882957 0.224437 2.26791 0.0963205
1 -0.131497  -1.58553 -0.365618   -2.3575  0.160169 -0.114038 0.00208746 0.913758 0.205538 3.69889 0.10462
1  -0.115968   -1.58056  -0.373186   -2.34779   0.151905 -0.0924943 0.00213664 0.895277 0.346888 3.3907 0.134557
1 -0.167048  -1.57761 -0.373346  -2.34519  0.199612 -0.139118 0.0021789 0.909651 0.0114556 1.446 0.0629695
1  -0.14847  -1.56824 -0.387226  -2.32717  0.186886  -0.11682 0.00193732 0.874743 0.39161 2.88355 0.1033
1 -0.133575  -1.58532 -0.365714  -2.35721   0.16385 -0.113775 0.00211042 0.913758 0.348849 2.54012 0.102678
1 -0.168513  -1.57941 -0.370749  -2.34847  0.201718 -0.139473 0.00213063 0.909651 0.243218 1.26574 0.0595532
1 -0.202738  -1.57895 -0.367789  -2.35012  0.236716 -0.167876 0.00228054 0.903491 0.566916 2.7507 0.0363861
1 -0.133538  -1.58535 -0.365672  -2.35727   0.16378 -0.113782 0.00210905 0.913758 0.237973 3.13997 0.102703
1 -0.168631  -1.57859 -0.371808  -2.34704  0.201875 -0.139608 0.00215201 0.909651 0.165412 1.16933 0.060196
1 -0.131447  -1.58532 -0.365882  -2.35714   0.16014 -0.113975 0.00209017 0.913758 0.263594 2.91024 0.104761
1 -0.146339  -1.56743 -0.388517  -2.32564  0.184432 -0.115572 0.00200154 0.876797 0.406407 3.57249 0.107126
1  -0.14098  -1.57497 -0.378974  -2.33896  0.176689 -0.113515 0.00209455 0.893224 0.306592 2.76337 0.102765
1 -0.149109  -1.57127 -0.383216  -2.33257  0.187871 -0.117266 0.00203012 0.882957 0.421897 2.67988 0.0978779
1  -0.16843   -1.5795 -0.370628  -2.34864  0.201623 -0.139399 0.00212817 0.909651 0.133477 1.27044 0.0595706
1 -0.144115  -1.56866 -0.387388  -2.32753  0.180908 -0.115021 0.00198942 0.876797 0.271048 2.86677 0.107706
1 -0.140848  -1.57507 -0.378841  -2.33914  0.176512 -0.113446 0.00209004 0.893224 0.356753 3.72082 0.102814
0  -0.110069   -1.57406  -0.382371   -2.33597    0.14403 -0.0898404 0.0021229 0.882957 0.297565 2.84017 0.147152
1 -0.166983  -1.57601  -0.37551  -2.34227  0.200566 -0.137693 0.00210572 0.901437 0.299088 5.91414 0.0656039
1 -0.168019   -1.5781 -0.372428  -2.34616   0.20185 -0.138294 0.00215909 0.909651 0.299763 2.32625 0.0617608
1  -0.16868   -1.5788 -0.371541   -2.3474  0.201956 -0.139588 0.00214819 0.909651 0.190892 1.23543 0.0599514
1  -0.16843   -1.5795 -0.370628  -2.34864  0.201623 -0.139399 0.00212818 0.909651 0.103932 1.69225 0.0595708
1 -0.131144  -1.58529 -0.365968  -2.35708  0.159659 -0.113966 0.00209649 0.913758 0.20973 2.86256 0.105089
1  -0.16843   -1.5795 -0.370628  -2.34864  0.201623 -0.139399 0.00212817 0.909651 0.0739196 2.97064 0.0595706
1  -0.16843   -1.5795 -0.370628  -2.34864  0.201623 -0.139399 0.00212819 0.909651 0.187661 1.46976 0.0595706
0  -0.108864   -1.57594  -0.380129   -2.33913   0.143825 -0.0876205 0.00208098 0.87885 0.366791 4.30388 0.147994
1 -0.132444  -1.58534 -0.365845  -2.35719  0.161754 -0.114048 0.00210981 0.913758 0.122169 2.73144 0.103699
1  -0.16843   -1.5795 -0.370628  -2.34864  0.201623 -0.139399 0.00212821 0.909651 0.232306 3.14285 0.0595706
0    -0.1105   -1.57481  -0.381299   -2.33736   0.144522 -0.0901746 0.00210395 0.882957 0.295897 2.70239 0.145793
1 -0.168513  -1.57941 -0.370749  -2.34847  0.201718 -0.139473 0.00213063 0.909651 0.229794 1.99033 0.0595533
1 -0.168513  -1.57941 -0.370749  -2.34847  0.201718 -0.139473 0.00213064 0.909651 0.289867 3.27507 0.0595532
1 -0.174214  -1.58034 -0.368727  -2.35059  0.208573  -0.14287 0.00214199 0.911704 0.352232 2.51571 0.0522861
0  -0.112746   -1.58517  -0.367554   -2.35593   0.143533 -0.0960474 0.0021637 0.903491 0.136774 1.52768 0.133554
1 -0.168513  -1.57941 -0.370749  -2.34847  0.201718 -0.139473 0.00213063 0.909651 0.282995 1.51247 0.0595532
1 -0.148432  -1.56807 -0.387449  -2.32685  0.186767 -0.116916 0.00193693 0.874743 0.259999 1.66591 0.103559
1 -0.131378  -1.58523 -0.366019  -2.35697   0.16005 -0.113946 0.00209274 0.913758 0.135751 1.11606 0.104876
1  -0.114736   -1.58032  -0.373711   -2.34726   0.149926 -0.0923641 0.00215742 0.895277 0.3022 5.83344 0.136026
1 -0.168513  -1.57941 -0.370748  -2.34847  0.201718 -0.139473 0.00213064 0.909651 0.17527 1.33913 0.0595531
0  -0.111132   -1.58179  -0.372027   -2.34984   0.143268 -0.0933344 0.00212624 0.895277 0.166362 4.41827 0.138159
1  -0.16843   -1.5795 -0.370628  -2.34864  0.201623 -0.139399 0.0021282 0.909651 0.314722 3.14989 0.0595706
1 -0.133387  -1.58638 -0.364321  -2.35912  0.164093 -0.113217 0.00205578 0.909651 0.192328 2.63497 0.102879
1  -0.115452   -1.58089  -0.372771   -2.34836   0.151252 -0.0923309 0.00213834 0.895277 0.282126 2.69889 0.134951
1 -0.168513  -1.57941 -0.370749  -2.34847  0.201718 -0.139473 0.00213062 0.909651 0.25939 1.32177 0.0595533
1 -0.131493  -1.58518  -0.36607   -2.3569  0.160274 -0.113855 0.00209416 0.913758 0.357468 3.12696 0.104825
1 -0.131493  -1.58518  -0.36607   -2.3569  0.160274 -0.113855 0.00209417 0.913758 0.273993 1.48877 0.104825
1  -0.16843   -1.5795 -0.370628  -2.34864  0.201623 -0.139399 0.00212817 0.909651 0.167595 2.46897 0.0595706
1 -0.167829   -1.5782  -0.37243   -2.3463  0.200791 -0.139266 0.00216156 0.909651 0.233357 2.89278 0.0614971
1 -0.168631  -1.57859 -0.371808  -2.34704  0.201875 -0.139608 0.00215198 0.909651 0.35647 2.87695 0.0601961
1 -0.139396  -1.57952 -0.372864  -2.34711  0.174162 -0.113368 0.00203506 0.897331 0.310617 2.44387 0.10005
1  -0.16623  -1.57698 -0.374321    -2.344  0.198553  -0.13877 0.0021406 0.905544 0.408517 2.68461 0.0646407
1 -0.167917    -1.578  -0.37257  -2.34596  0.201871 -0.138105 0.00213186 0.907598 0.21 2.90415 0.0620364
1 -0.169642  -1.57398 -0.377982  -2.33877  0.205117   -0.1376 0.0019529 0.88501 0.398797 2.735 0.0662443
1 -0.167746  -1.57821 -0.372425  -2.34631  0.200726 -0.139179 0.00216177 0.909651 0.268048 1.36664 0.0615949
1  -0.14098  -1.57497 -0.378974  -2.33896  0.176689 -0.113515 0.00209455 0.893224 0.476826 3.27148 0.102765
1  -0.13346   -1.5858 -0.365108  -2.35807  0.163225 -0.114364 0.00209965 0.913758 0.108163 1.38074 0.102355
1 -0.143699  -1.58039 -0.371711  -2.34869  0.176954 -0.119147 0.00204784 0.897331 0.308548 2.76139 0.0921204
1 -0.168513  -1.57941 -0.370749  -2.34847  0.201718 -0.139473 0.00213063 0.909651 0.173155 2.19685 0.0595533
1  -0.16843   -1.5795 -0.370628  -2.34864  0.201623 -0.139399 0.00212819 0.909651 0.212989 2.54808 0.0595706
1 -0.146477  -1.56682 -0.389328  -2.32455  0.183919 -0.116394 0.00192874 0.87269 0.409506 3.49238 0.107637
1  -0.16843   -1.5795 -0.370628  -2.34864  0.201623 -0.139399 0.00212819 0.909651 0.271178 2.68238 0.0595706
1  -0.16843   -1.5795 -0.370628  -2.34864  0.201623 -0.139399 0.00212818 0.909651 0.0745647 1.63719 0.0595706
1 -0.164683  -1.57662 -0.374663  -2.34337  0.198692 -0.135374 0.00214378 0.905544 0.229683 2.88969 0.067685
1 -0.135559  -1.58415 -0.367167  -2.35514  0.166641 -0.114572 0.00208782 0.909651 0.319961 3.26463 0.100632
1 -0.131628   -1.5855 -0.365628  -2.35747  0.160371 -0.114056 0.00208595 0.913758 0.183404 1.30835 0.10448
1 -0.168513  -1.57941 -0.370749  -2.34847  0.201717 -0.139473 0.00213066 0.909651 0.217218 1.43633 0.0595532
1 -0.132144  -1.58539 -0.365698  -2.35732  0.161106 -0.114207 0.00208524 0.913758 0.188951 1.53629 0.103899
0     -0.108   -1.57438  -0.382186   -2.33635   0.143404 -0.0863885 0.00201901 0.87269 0.357875 3.94246 0.150938
1 -0.166397  -1.57699   -0.3743  -2.34402  0.198769 -0.138868 0.00214261 0.905544 -0.002638 3.73698 0.064439
1 -0.149262  -1.57138 -0.383055  -2.33275  0.188169 -0.117182 0.00202556 0.882957 0.372789 3.15604 0.0976393
1 -0.131378  -1.58523 -0.366019  -2.35697   0.16005 -0.113946 0.00209276 0.913758 0.306788 3.2286 0.104876
1  -0.124058   -1.57186  -0.384228   -2.33267   0.159421 -0.0996805 0.00215543 0.88501 0.390826 1.53298 0.130187
1 -0.131144  -1.58529 -0.365968  -2.35708  0.159659 -0.113966 0.00209647 0.913758 0.340409 3.05917 0.105089
1  -0.16843   -1.5795 -0.370628  -2.34864  0.201623 -0.139399 0.0021282 0.909651 0.163649 3.12783 0.0595707
0  -0.110623   -1.57853  -0.376552   -2.34386   0.145516 -0.0891682 0.00221241 0.89117 0.204506 2.85182 0.143275
1  -0.16843   -1.5795 -0.370628  -2.34864  0.201623 -0.139399 0.00212817 0.909651 0.154347 1.68279 0.0595707
1 -0.133575  -1.58532 -0.365714  -2.35721   0.16385 -0.113775 0.00211044 0.913758 0.195037 1.49186 0.102678
1 -0.145984  -1.56944 -0.386047  -2.32908  0.183462  -0.11599 0.00199223 0.87885 0.424875 5.07189 0.104185
1 -0.133083  -1.58579 -0.365128  -2.35805  0.162706 -0.114154 0.0020925 0.913758 0.191758 1.4987 0.102859
1 -0.135559  -1.58415 -0.367167  -2.35514  0.166641 -0.114573 0.00208785 0.909651 0.0295613 1.47612 0.100632
1 -0.136577  -1.58409 -0.367241  -2.35505  0.167766 -0.115333 0.00210235 0.909651 0.279138 4.30675 0.0992357
1 -0.168823  -1.57898 -0.371288  -2.34772  0.202203 -0.139538 0.00214261 0.909651 0.39184 3.4624 0.0596634
1 -0.131497  -1.58553 -0.365618   -2.3575  0.160169 -0.114038 0.00208747 0.913758 0.328041 3.24759 0.10462
0  -0.108101   -1.57422  -0.382396   -2.33607   0.143584 -0.0863759 0.00202265 0.87269 0.346619 3.30267 0.150999
1 -0.133447  -1.58591 -0.364962  -2.35826  0.163149  -0.11432 0.00209156 0.913758 0.263653 1.30255 0.102381
1 -0.131473  -1.58556 -0.365577  -2.35756  0.160137 -0.114008 0.00208725 0.913758 0.230081 2.65786 0.104654
0  -0.111727   -1.57599  -0.379628   -2.33954   0.145758 -0.0911743 0.00209506 0.88501 0.210657 1.33654 0.142929
1 -0.133199  -1.58566 -0.365302  -2.35781  0.162841 -0.114266 0.0020954 0.913758 0.141424 1.25584 0.102712
1 -0.131144  -1.58529 -0.365968  -2.35708  0.159659 -0.113966 0.00209648 0.913758 0.306211 1.15271 0.105089
1 -0.168513  -1.57941 -0.370749  -2.34847  0.201718 -0.139473 0.00213063 0.909651 0.27976 1.54919 0.0595532
1 -0.140848  -1.57507 -0.378841  -2.33914  0.176512 -0.113446 0.00209004 0.893224 0.506334 3.35715 0.102814
1 -0.131354  -1.58526 -0.365978  -2.35703  0.160018 -0.113916 0.00209251 0.913758 0.140572 1.57084 0.104909
1 -0.149201  -1.57162 -0.382758  -2.33317  0.188203 -0.117043 0.00202718 0.882957 0.568756 3.58875 0.0974337
1 -0.167139  -1.57301  -0.37932  -2.33702  0.201408 -0.137007 0.00200742 0.89117 0.337715 3.14082 0.0700363
1 -0.146477  -1.56682 -0.389328  -2.32455  0.183919 -0.116394 0.00192873 0.87269 0.341951 2.54594 0.107637
1  -0.16843   -1.5795 -0.370628  -2.34864  0.201623 -0.139399 0.00212819 0.909651 0.259335 2.72694 0.0595707
1  -0.16843   -1.5795 -0.370628  -2.34864  0.201623 -0.139399 0.00212818 0.909651 0.344472 1.36474 0.0595707
1 -0.140644  -1.58197 -0.369682  -2.35138  0.175527 -0.114208 0.00209489 0.903491 0.294879 2.69953 0.0968199
1 -0.141462  -1.58172 -0.369942  -2.35099  0.176375 -0.114888 0.00209742 0.903491 0.330249 2.84554 0.095773
1  -0.16843   -1.5795 -0.370628  -2.34864  0.201623 -0.139399 0.00212819 0.909651 0.111741 3.27767 0.0595706
1  -0.115476   -1.58087  -0.372803   -2.34833   0.151291 -0.0923197 0.00213944 0.895277 0.326987 3.15168 0.134949
1 -0.168513  -1.57941 -0.370749  -2.34847  0.201718 -0.139473 0.00213062 0.909651 0.31383 1.30859 0.0595534
0  -0.110623   -1.57853  -0.376552   -2.34386   0.145516 -0.0891681 0.00221241 0.89117 0.496881 2.83656 0.143275
1  -0.16843   -1.5795 -0.370628  -2.34864  0.201623 -0.139399 0.00212821 0.909651 0.202338 1.49482 0.0595706
0  -0.111727   -1.57599  -0.379628   -2.33954   0.145758 -0.0911743 0.00209504 0.88501 0.372134 4.18711 0.142929
1  -0.115342   -1.58101  -0.372617   -2.34858    0.15112 -0.0922294 0.00213545 0.895277 0.248556 2.69275 0.135054
1  -0.16843   -1.5795 -0.370628  -2.34864  0.201623 -0.139399 0.00212818 0.909651 0.243323 3.29803 0.0595707
1 -0.132168  -1.58536 -0.365739  -2.35725  0.161138 -0.114237 0.00208544 0.913758 0.286299 1.4144 0.103866
1 -0.115666  -1.58008 -0.373873  -2.34689  0.151451 -0.092405 0.00214459 0.895277 0.246932 2.79736 0.135219
1 -0.131144  -1.58529 -0.365968  -2.35708  0.159659 -0.113966 0.0020965 0.913758 0.051052 1.6341 0.105089
1 -0.133677  -1.58573 -0.365177  -2.35795  0.163806  -0.11403 0.00210238 0.913758 0.304148 1.59408 0.102333
1  -0.14009  -1.58084 -0.371077   -2.3494  0.176317 -0.112149 0.00207824 0.899384 0.524427 5.23063 0.0991832
1 -0.131497  -1.58553 -0.365619   -2.3575  0.160169 -0.114038 0.00208747 0.913758 0.222757 1.78687 0.10462
1 -0.166397  -1.57699   -0.3743  -2.34402  0.198769 -0.138868 0.00214259 0.905544 0.407948 3.86677 0.064439
1  -0.16843   -1.5795 -0.370628  -2.34864  0.201623 -0.139399 0.00212818 0.909651 0.313628 3.51198 0.0595707
1 -0.114736  -1.58032 -0.373712  -2.34726  0.149926 -0.092364 0.00215741 0.895277 0.258684 1.66395 0.136026
1  -0.113481   -1.58273  -0.370473   -2.35163   0.146715 -0.0939739 0.00213294 0.899384 0.111796 1.55798 0.134912
1 -0.146283  -1.56747 -0.388471  -2.32571  0.184374 -0.115527 0.00200173 0.876797 0.447144 2.68391 0.107133
