1 -0.168373  -1.58592  -0.36218  -2.36018  0.199361 -0.142119 0.00206571 0.911704 0.462734 2.16942 0.0554451
1 -0.150135    -1.576 -0.377105  -2.34097  0.189044 -0.117683 0.00207945 0.889117 0.200158 2.25952 0.0908657
1 -0.130566  -1.58686 -0.363981  -2.35976  0.159031 -0.113375 0.00209675 0.915811 0.202 3.69117 0.105627
1  -0.115633   -1.58342  -0.369922   -2.35248   0.152944 -0.0898567 0.00218313 0.895277 0.332677 3.37918 0.135269
1  -0.16648  -1.57705 -0.374074  -2.34424  0.196709 -0.142262 0.00220912 0.911704 -0.00225287 1.43939 0.0630328
1 -0.149062  -1.56897 -0.386264  -2.32838   0.18868 -0.115437 0.00193472 0.874743 0.392426 2.87334 0.10246
1 -0.126017  -1.59016 -0.360589  -2.36528  0.155018 -0.108535 0.00215427 0.909651 0.335321 2.50757 0.112643
1 -0.170086  -1.58678 -0.360775  -2.36173  0.202153 -0.142157 0.00206694 0.913758 0.265842 1.24099 0.053933
1 -0.204248  -1.57778 -0.369062  -2.34819  0.238217 -0.169579 0.00229781 0.903491 0.563637 2.74242 0.038043
1 -0.136849  -1.58483 -0.365312  -2.35668  0.168094 -0.115591 0.00209829 0.915811 0.241862 3.12094 0.0983866
1 -0.168414  -1.57759 -0.373126  -2.34518  0.201839 -0.139253 0.00215793 0.909651 0.163114 1.16266 0.0616388
1 -0.130381  -1.58648 -0.364506  -2.35909  0.157811 -0.114901 0.00213973 0.917865 0.246134 2.90328 0.105085
1 -0.147471  -1.57391  -0.38017  -2.33698  0.185493 -0.116384 0.00209758 0.889117 0.377925 3.54983 0.0965497
1 -0.135365   -1.5792  -0.37406  -2.34638   0.16721 -0.113981 0.00208611 0.893224 0.309388 2.73711 0.104046
1 -0.149281  -1.57148  -0.38295  -2.33292  0.188469 -0.116719 0.00203163 0.882957 0.421469 2.67453 0.0977617
1 -0.166755  -1.57818 -0.372383  -2.34617  0.198806 -0.139689 0.0021414 0.911704 0.12809 1.25748 0.0622775
1 -0.140209  -1.56379 -0.393911  -2.31908   0.17347 -0.116842 0.0019504 0.86653 0.285347 2.85038 0.118262
1 -0.138825  -1.58345 -0.368364  -2.35363  0.172371 -0.114002 0.0021536 0.905544 0.337192 3.69217 0.0981246
0  -0.110416   -1.57432  -0.382139   -2.33637   0.144735 -0.0896404 0.00207883 0.87885 0.312145 2.83333 0.146738
1 -0.165213  -1.57667 -0.374833   -2.3434  0.197433 -0.138077 0.00215296 0.905544 0.283365 5.9059 0.066224
1 -0.165957  -1.58532  -0.36286   -2.3595  0.189361 -0.151507 0.00225273 0.917865 0.269392 2.30429 0.0556322
1 -0.168644  -1.57902 -0.371338  -2.34776  0.201093 -0.140865 0.00215133 0.909651 0.189708 1.23023 0.0592871
1 -0.170033  -1.59828 -0.345974  -2.38205   0.20055 -0.143334 0.00214431 0.921971 0.097142 1.65165 0.0643673
1 -0.131505  -1.58653 -0.364371  -2.35937  0.158681 -0.116483 0.00210965 0.913758 0.204772 2.85703 0.1031
1  -0.16953  -1.58082  -0.36883  -2.35108  0.201557 -0.142167 0.00213919 0.911704 0.0691254 2.96361 0.0563653
1  -0.17067  -1.58951 -0.357136  -2.36662  0.202172 -0.143311 0.00210008 0.917865 0.19839 1.43408 0.0540066
0  -0.109702   -1.56697  -0.391433   -2.32326   0.147143 -0.0852474 0.00197456 0.864476 0.399171 4.27877 0.158043
1 -0.131655  -1.58438  -0.36719  -2.35541  0.160248  -0.11468 0.00213687 0.913758 0.110912 2.72201 0.104464
1 -0.168487  -1.57869 -0.371613  -2.34721  0.201004   -0.1406 0.00215189 0.911704 0.223764 3.13564 0.0598001
0  -0.110324   -1.57503  -0.381081    -2.3377    0.14398 -0.0905925 0.00213425 0.88501 0.285754 2.69821 0.145542
1 -0.168467  -1.57996 -0.370099  -2.34938  0.201338 -0.139942 0.00212262 0.909651 0.23269 1.985 0.0589265
1 -0.171595  -1.58578 -0.362078  -2.35995  0.205077 -0.141685 0.00208076 0.911704 0.30649 3.25598 0.052766
1 -0.176239  -1.57605 -0.373532  -2.34346  0.210172 -0.145895 0.00213763 0.909651 0.353552 2.50688 0.0539976
1  -0.112881   -1.58538  -0.367315   -2.35627   0.142324 -0.0982418 0.00222615 0.907598 0.11186 1.51739 0.132074
1 -0.170172  -1.58752 -0.359997  -2.36308  0.200439 -0.144843 0.00209232 0.913758 0.295886 1.48726 0.0530735
1 -0.148374  -1.57777  -0.37504   -2.3442  0.184104 -0.120229 0.00206417 0.889117 0.211388 1.64818 0.0892447
1 -0.130883  -1.58628 -0.364696  -2.35884  0.158844 -0.114579 0.00208447 0.913758 0.139166 1.11063 0.104774
0  -0.112813   -1.58095  -0.373208   -2.34828   0.146906 -0.0922609 0.00217001 0.893224 0.298128 5.81852 0.137634
1 -0.171374   -1.5974 -0.346927  -2.38085  0.201718 -0.145372 0.00215062 0.919918 0.167534 1.30412 0.0617667
0  -0.112247   -1.57861  -0.376064   -2.34409   0.147463 -0.0896019 0.00215589 0.895277 0.154738 4.3975 0.141355
1 -0.166983  -1.58588 -0.362216  -2.36015  0.197993 -0.140853 0.00206031 0.911704 0.336583 3.13133 0.0571825
1 -0.131869  -1.59798 -0.349813  -2.37941  0.160757 -0.113863 0.00215673 0.915811 0.152667 2.62427 0.106996
0  -0.112081   -1.58924  -0.362296   -2.36274   0.149453 -0.0868059 0.00223937 0.899384 0.248207 2.68313 0.139131
1  -0.17117  -1.59702 -0.347229  -2.38015  0.199871 -0.147269 0.00213647 0.924025 0.257357 1.26865 0.060828
1 -0.130382  -1.58815 -0.362616  -2.36224  0.154067 -0.120563 0.00221465 0.915811 0.320499 3.11522 0.102199
1 -0.125411  -1.58718 -0.364518  -2.36022  0.149565 -0.114934 0.00219336 0.909651 0.239605 1.46972 0.11028
1  -0.16838  -1.57891 -0.371366  -2.34754  0.201949  -0.13857 0.00212129 0.909651 0.170287 2.46169 0.0605491
1  -0.16763  -1.57945 -0.370928  -2.34854  0.199387 -0.140912 0.00216214 0.909651 0.233153 2.88587 0.0598071
1 -0.167839   -1.5772 -0.373725   -2.3445  0.200626 -0.139595 0.00217096 0.909651 0.350796 2.86404 0.0625059
1  -0.13486  -1.57995 -0.372354  -2.34775  0.167176 -0.112269 0.0021114 0.909651 0.284757 2.41736 0.104791
1 -0.165041  -1.57776 -0.373641  -2.34526  0.196177 -0.139445 0.00210622 0.901437 0.418015 2.67789 0.0646921
1 -0.167062  -1.57793 -0.372732  -2.34584  0.200272 -0.138374 0.0021249 0.907598 0.212581 2.89553 0.0627679
1 -0.169841  -1.57309 -0.379123  -2.33719  0.205364 -0.137767 0.00197124 0.88501 0.393148 2.72029 0.0674165
1 -0.165829  -1.57892 -0.371751  -2.34746  0.196469 -0.140852 0.00217435 0.911704 0.263789 1.35635 0.0620601
1  -0.13862  -1.57951 -0.372994   -2.3471  0.171891 -0.114947 0.00207371 0.899384 0.482033 3.23713 0.0999172
1 -0.131821  -1.58137 -0.370821  -2.35001  0.162973 -0.110767 0.00211683 0.913758 0.100868 1.37098 0.107841
1 -0.145863  -1.57503 -0.378417  -2.33921  0.179646 -0.120841 0.00208501 0.895277 0.296001 2.74846 0.0940901
1 -0.168579  -1.60261 -0.340476  -2.38983  0.196917 -0.145285 0.00222837 0.926078 0.135222 2.15563 0.0723952
1 -0.167494   -1.5801 -0.369988  -2.34967  0.198968 -0.141159 0.00214929 0.911704 0.205185 2.53674 0.059223
1 -0.146297  -1.56616 -0.390188  -2.32334  0.182667 -0.118014 0.00192732 0.87269 0.40994 3.48717 0.108109
1 -0.166979  -1.58208 -0.367501  -2.35311  0.198117 -0.140669 0.00210942 0.911704 0.277606 2.67416 0.0585177
1 -0.166341  -1.58084 -0.369218  -2.35083  0.197986 -0.139759 0.00214553 0.911704 0.0670227 1.62396 0.0602732
1 -0.164303  -1.57185 -0.380338  -2.33505  0.199623 -0.133221 0.00214147 0.903491 0.230512 2.87662 0.0753908
1 -0.131739  -1.58331 -0.369137  -2.35321  0.161266 -0.113347 0.00222012 0.909651 0.276869 3.2446 0.105653
1 -0.131238  -1.59121 -0.358402  -2.36758  0.158155 -0.116278 0.00212696 0.917865 0.167352 1.29924 0.103445
1 -0.171471  -1.58857 -0.358233  -2.36513  0.201771 -0.145823 0.00204378 0.913758 0.249135 1.38852 0.0520685
1 -0.132491  -1.58432 -0.366989  -2.35544  0.161345 -0.114776 0.00208547 0.913758 0.18886 1.53145 0.103576
0 -0.107168  -1.57697 -0.379164  -2.34092  0.141695 -0.086814 0.00205454 0.87269 0.346575 3.93458 0.149352
1 -0.164486  -1.57866 -0.372904  -2.34653  0.199799 -0.132351 0.00211628 0.893224 0.00967954 3.71663 0.067552
1 -0.149584  -1.57251 -0.381617  -2.33478  0.188251 -0.117847 0.00202008 0.882957 0.374486 3.14808 0.0954427
1 -0.131113  -1.58539 -0.365864  -2.35723  0.158884  -0.11509 0.00209407 0.913758 0.306353 3.22012 0.10451
1  -0.123733   -1.57603  -0.379256   -2.33981    0.15959 -0.0982665 0.00222831 0.889117 0.370227 1.52528 0.127257
1 -0.129096   -1.5882 -0.362631   -2.3621  0.155077 -0.115619 0.00214828 0.915811 0.324106 3.04916 0.105873
1 -0.168514  -1.58197 -0.367502  -2.35298  0.200223 -0.141661 0.00212382 0.911704 0.165372 3.11824 0.0567164
0  -0.103731   -1.58165  -0.372933   -2.34925   0.137099 -0.0852071 0.0021538 0.887064 0.225582 2.82069 0.150549
1 -0.169142  -1.58231 -0.367029  -2.35366  0.201358 -0.141484 0.0021403 0.911704 0.14953 1.6758 0.0560176
1 -0.132944  -1.59261 -0.356426     -2.37   0.16277  -0.11362 0.00210294 0.915811 0.197895 1.47471 0.10345
1 -0.145023  -1.56722 -0.389005  -2.32503  0.183046 -0.114167 0.0020248 0.87885 0.415475 5.06062 0.109516
1 -0.132024  -1.58527 -0.365868  -2.35703  0.160991 -0.114137 0.00207938 0.913758 0.196828 1.48225 0.104088
1 -0.130078  -1.57949 -0.374107  -2.34642  0.160272 -0.110693 0.00209433 0.899384 0.026546 1.45116 0.111097
1 -0.138672  -1.58517 -0.366058  -2.35697  0.168891 -0.118284 0.00214277 0.907598 0.26528 4.27409 0.0952899
1  -0.16925   -1.5804 -0.369597  -2.35015  0.202269 -0.140399 0.00214943 0.909651 0.389904 3.45458 0.0577146
1 -0.130939  -1.58783 -0.362721   -2.3616  0.157038  -0.11743 0.00214271 0.917865 0.310259 3.23948 0.10304
0  -0.106077   -1.56765  -0.391069   -2.32423    0.14225 -0.0835597 0.00201005 0.864476 0.350691 3.28126 0.161785
1 -0.133875  -1.58712 -0.363522  -2.36035  0.162714 -0.116002 0.00210304 0.913758 0.259611 1.29555 0.100836
1 -0.131571  -1.58977 -0.360302  -2.36497  0.158482  -0.11661 0.00213763 0.917865 0.211499 2.65088 0.10277
0  -0.112061   -1.57742  -0.377801   -2.34206   0.145197 -0.0928736 0.00206884 0.88501 0.220536 1.32473 0.140425
1 -0.132361  -1.58633 -0.364565  -2.35882  0.162304 -0.112901 0.0021148 0.915811 0.133477 1.24872 0.104161
1 -0.130923  -1.58715 -0.363732  -2.36027  0.158436 -0.115306 0.00213068 0.915811 0.294892 1.14565 0.104207
1 -0.169278  -1.57923 -0.370902  -2.34811  0.203414   -0.1387 0.00212915 0.909651 0.280259 1.5418 0.0593827
1 -0.141059  -1.57763 -0.375371  -2.34369  0.175686 -0.115096 0.00203864 0.895277 0.518474 3.33517 0.0990913
1 -0.131367  -1.58576 -0.365384  -2.35792   0.15787 -0.117323 0.00213542 0.915811 0.122949 1.56287 0.10302
1 -0.148654  -1.57384 -0.380026  -2.33689  0.190474 -0.111639 0.00206865 0.88501 0.559934 3.57979 0.0984543
1 -0.166672  -1.56582 -0.388569  -2.32415  0.200319 -0.137967 0.00209293 0.889117 0.3095 3.12048 0.0833639
1 -0.145818  -1.57289 -0.381568  -2.33533  0.181255 -0.118633 0.00200231 0.882957 0.316849 2.52706 0.0980432
1 -0.168817  -1.58661 -0.361016   -2.3614  0.199774 -0.142652 0.00205215 0.913758 0.285799 2.69578 0.0548179
1 -0.165101  -1.57941 -0.371049  -2.34836  0.197141 -0.138709 0.0021511 0.909651 0.337413 1.34019 0.0629216
1 -0.139079  -1.58735 -0.363104  -2.36083  0.171558 -0.116086 0.002137 0.907598 0.280706 2.68938 0.0955389
1 -0.141534  -1.58471 -0.366126  -2.35632  0.175691 -0.115969 0.00213559 0.907598 0.318059 2.83253 0.0937582
1 -0.166477  -1.59341 -0.352764  -2.37312   0.19656  -0.14122 0.00217653 0.921971 0.0915669 3.23979 0.0610543
1  -0.115613   -1.57966  -0.374349   -2.34619   0.151321 -0.0926624 0.00215294 0.895277 0.32274 3.14412 0.135333
1 -0.167687  -1.58615 -0.361636  -2.36052  0.199899  -0.13961 0.00204817 0.913758 0.340384 1.27636 0.057015
0 -0.100651  -1.58645 -0.366499  -2.35766   0.13444 -0.081743 0.00225529 0.899384 0.487131 2.79482 0.153804
1   -0.1686  -1.58248 -0.366805  -2.35392  0.200918 -0.140823 0.00212456 0.911704 0.203704 1.48667 0.0566632
0  -0.112062   -1.57729  -0.378001    -2.3418   0.144916 -0.0930188 0.00205224 0.88501 0.38496 4.17187 0.140486
1  -0.114745    -1.5821   -0.37133   -2.35049    0.14957 -0.0931026 0.00216783 0.897331 0.237161 2.687 0.134513
1 -0.167227  -1.58943 -0.358101  -2.36594  0.198511 -0.140382 0.00210998 0.913758 0.249793 3.27789 0.0578266
1 -0.132001  -1.58494 -0.366211  -2.35654  0.160097 -0.115603 0.00208194 0.913758 0.287498 1.40565 0.103416
1  -0.115179   -1.57997  -0.374043   -2.34676   0.150036 -0.0934297 0.0021578 0.895277 0.242291 2.78948 0.135098
1 -0.126416  -1.58625 -0.365335   -2.3585  0.152205 -0.113443 0.00214204 0.913758 0.0304381 1.61869 0.110082
1 -0.133233  -1.59019 -0.359637  -2.36565  0.162969 -0.114037 0.00211629 0.915811 0.299545 1.58518 0.102449
1 -0.140047   -1.5794 -0.372892  -2.34682  0.176564 -0.111787 0.00208724 0.899384 0.522368 5.2205 0.100412
1 -0.131344  -1.58582 -0.365288  -2.35796  0.159319 -0.114975 0.00211352 0.915811 0.213057 1.78272 0.104209
1 -0.167592  -1.57553 -0.376068  -2.34153  0.198912 -0.141904 0.00214622 0.903491 0.406945 3.85876 0.0641412
1  -0.16872  -1.58224 -0.366969  -2.35353  0.201115 -0.140882 0.00210632 0.911704 0.320679 3.49997 0.0566165
1   -0.11371   -1.58291  -0.370721   -2.35186   0.146998 -0.0942722 0.00214702 0.89117 0.262255 1.64492 0.134499
1  -0.113275   -1.59314  -0.357189   -2.36981   0.144386 -0.0966975 0.00223644 0.907598 0.0686988 1.54297 0.131895
1 -0.141083  -1.57762 -0.375657  -2.34349  0.177232 -0.112295 0.00208842 0.895277 0.4232 2.64883 0.100873
