1 -0.190338  -1.58378 -0.362864  -2.35795  0.220309 -0.161628 0.00224605 0.909651 0.41583 0.104596 0.0360951
0 -0.0854491   -1.57815  -0.378185   -2.34258    0.11895 -0.0696769 0.00220916 0.880903 0.150269 0.137832 0.18016
1 -0.133575  -1.58532 -0.365714  -2.35721   0.16385 -0.113775 0.00211045 0.913758 0.196789 0.107286 0.102678
1 -0.166106  -1.57813  -0.37254   -2.3461  0.200387 -0.136079 0.0021675 0.909651 0.370102 0.0990096 0.0643837
1 -0.166397  -1.57699   -0.3743  -2.34402  0.198769 -0.138868 0.0021426 0.905544 0.0279258 0.0272038 0.064439
1 -0.198439   -1.5731 -0.375918  -2.33932  0.234701 -0.161026 0.00223021 0.895277 0.29963 0.0884941 0.0446612
0 -0.0496177   -1.58357  -0.372411   -2.35173  0.0808448 -0.0426122 0.00232272 0.870637 0.348156 0.0882441 0.229604
1 -0.199042  -1.57932 -0.367922  -2.35045  0.232005 -0.165709 0.00227113 0.903491 0.193314 0.0557028 0.0359993
1  -0.16843   -1.5795 -0.370628  -2.34864  0.201623 -0.139399 0.00212819 0.909651 0.595849 0.112038 0.0595707
0  -0.084717   -1.58464  -0.369773   -2.35423   0.114325 -0.0739576 0.00227211 0.895277 0.179057 0.08875 0.174972
1  -0.116434   -1.58322  -0.369723   -2.35258   0.149654 -0.0963659 0.00211704 0.899384 0.178975 0.0298294 0.130362
0 -0.0774613   -1.58668  -0.367432   -2.35767   0.106247 -0.0689115 0.00218981 0.889117 0.291363 0.0717174 0.184649
1 -0.168631  -1.57859 -0.371808  -2.34704  0.201875 -0.139608 0.002152 0.909651 0.288423 0.0558081 0.0601961
1 -0.132383  -1.56968 -0.386573  -2.32913  0.167932 -0.106208 0.00207612 0.882957 0.312694 0.126055 0.121466
0  -0.108864   -1.57594  -0.380129   -2.33913   0.143825 -0.0876206 0.00208098 0.87885 0.407415 0.0711441 0.147994
1 -0.142984  -1.58256  -0.36891  -2.35253  0.175805  -0.11895 0.00213364 0.905544 0.13125 0.0445319 0.0916031
0 -0.0854491   -1.57815  -0.378185   -2.34258    0.11895 -0.0696769 0.00220914 0.880903 0.190543 0.106812 0.18016
1 -0.168823  -1.57898 -0.371288  -2.34772  0.202203 -0.139538 0.0021426 0.909651 0.348052 0.0989203 0.0596634
0 -0.0844856   -1.57798  -0.378362   -2.34226    0.11717 -0.0699596 0.00221366 0.882957 0.267532 0.10333 0.181034
1 -0.139947  -1.57882 -0.374076  -2.34572  0.173538 -0.115559 0.00204516 0.895277 0.123829 0.136136 0.0989448
1 -0.224848  -1.57947 -0.364202  -2.35293  0.259297 -0.184729 0.00250066 0.907598 0.188984 0.114424 0.0522033
1 -0.166397  -1.57699   -0.3743  -2.34402  0.198769 -0.138868 0.00214259 0.905544 0.193001 0.0421832 0.0644389
1 -0.197916  -1.57954 -0.367707  -2.35079  0.231179 -0.164371 0.00225421 0.903491 0.0508674 0.0414594 0.0357296
0  -0.110269   -1.58122    -0.3729    -2.3488    0.14194 -0.0931976 0.00208622 0.89117 0.268868 0.148336 0.139441
1 -0.141151   -1.5831 -0.368111   -2.3535  0.174901 -0.116331 0.00212356 0.907598 0.0759278 0.0831118 0.0945012
0 -0.0486713   -1.58359  -0.372412   -2.35177  0.0770238 -0.0457788 0.00238866 0.876797 0.192359 0.0734832 0.228577
1 -0.141725  -1.58384 -0.367027  -2.35489  0.175522 -0.116877 0.00211212 0.907598 0.193794 0.0351779 0.0932902
1 -0.199042  -1.57932 -0.367922  -2.35045  0.232005 -0.165709 0.00227114 0.903491 0.179592 0.138167 0.0359994
1 -0.170327  -1.57388 -0.378098   -2.3386  0.205923 -0.138061 0.00197039 0.88501 0.533537 0.0763715 0.065675
0 -0.0854967    -1.5787  -0.377477   -2.34369   0.115459 -0.0744374 0.00223058 0.88501 0.195376 0.0914407 0.176891
0 -0.0434664   -1.58381  -0.372298   -2.35218  0.0710094   -0.04209 0.00243828 0.876797 0.339435 0.0730838 0.236018
1 -0.134508  -1.58146 -0.370638  -2.35035  0.167948 -0.110676 0.00214467 0.907598 0.374141 0.0993808 0.105092
0  -0.110033   -1.58124  -0.372908   -2.34882   0.141607 -0.0931146 0.0020896 0.89117 0.244627 0.0743334 0.139721
1 -0.166926  -1.57763 -0.373317  -2.34523   0.19965 -0.138818 0.00218022 0.909651 0.312842 0.0904989 0.0631591
0 -0.0774613   -1.58668  -0.367431   -2.35767   0.106247 -0.0689114 0.00218981 0.889117 0.221246 0.1006 0.184649
1  -0.114603   -1.58438  -0.368421    -2.3546   0.146439 -0.0964577 0.00211503 0.899384 0.156193 0.0302779 0.131693
1 -0.190204  -1.58298 -0.363945  -2.35652  0.220015 -0.161714 0.00226077 0.909651 0.239199 0.0501097 0.0363305
0 -0.107987  -1.57297 -0.383892  -2.33393  0.143043  -0.08672 0.00200846 0.87269 0.232673 0.111308 0.152063
1 -0.145541  -1.57174 -0.383116   -2.3332  0.181415 -0.117654 0.00194523 0.87885 0.196669 0.032675 0.100409
1  -0.115452   -1.58089  -0.372771   -2.34836   0.151252 -0.0923308 0.00213834 0.895277 0.30837 0.14255 0.134951
1  -0.16843   -1.5795 -0.370628  -2.34864  0.201623 -0.139399 0.0021282 0.909651 0.176213 0.0943674 0.0595705
0 -0.0841071   -1.58361  -0.371141   -2.35239   0.113947 -0.0731952 0.00223444 0.89117 0.270652 0.0810618 0.176437
1 -0.147089  -1.57538 -0.378018  -2.33983  0.183493 -0.118535 0.00207327 0.89117 0.28054 0.0872329 0.0937689
0 -0.0846186    -1.5802  -0.375559   -2.34636    0.11406 -0.0743375 0.00226636 0.889117 0.355268 0.112924 0.176921
0 -0.0854842    -1.5791  -0.376931   -2.34429    0.11903 -0.0695926 0.00219336 0.880903 0.300913 0.0910816 0.179569
1 -0.170339  -1.57941 -0.370601  -2.34857  0.203836 -0.140511 0.00217195 0.911704 0.245026 0.0560787 0.0575287
1  -0.14489  -1.57171 -0.383202   -2.3331  0.180877 -0.117133 0.00201762 0.882957 0.380951 0.0704029 0.101303
1 -0.113481  -1.58273 -0.370473  -2.35163  0.146715 -0.093974 0.00213295 0.899384 0.260548 0.0303567 0.134912
1 -0.167202  -1.57779   -0.3731  -2.34552  0.199895 -0.139092 0.00218033 0.909651 0.147193 0.0818212 0.0626267
1 -0.132738  -1.58631 -0.364475  -2.35895  0.163614 -0.112396 0.00206 0.909651 0.243885 0.0935017 0.103995
1  -0.14509  -1.57214 -0.382625  -2.33388  0.181263  -0.11707 0.00201503 0.882957 0.397424 0.054757 0.100557
1 -0.134508  -1.58146 -0.370638  -2.35035  0.167948 -0.110676 0.00214471 0.907598 0.273474 0.117855 0.105092
1 -0.133423  -1.58654 -0.364118   -2.3594  0.164219 -0.113108 0.00205654 0.909651 0.141803 0.0884014 0.102875
0 -0.0844442   -1.57796  -0.378396   -2.34223   0.117051 -0.0700393 0.00221473 0.882957 0.179294 0.0916458 0.181041
1 -0.170327  -1.57388 -0.378098   -2.3386  0.205923 -0.138061 0.00197037 0.88501 0.393419 0.0770477 0.0656749
1 -0.168513  -1.57941 -0.370749  -2.34847  0.201718 -0.139473 0.00213062 0.909651 0.278593 0.0352957 0.0595533
1 -0.139981  -1.58279 -0.368662  -2.35287  0.173309 -0.115802 0.002128 0.907598 0.0714717 0.152314 0.0961118
1  -0.16843   -1.5795 -0.370628  -2.34864  0.201623 -0.139399 0.00212819 0.909651 0.0960405 0.0708079 0.0595707
1 -0.139981  -1.58279 -0.368662  -2.35287  0.173309 -0.115802 0.002128 0.907598 0.334751 0.10242 0.0961117
0  -0.110033   -1.58124  -0.372908   -2.34882   0.141607 -0.0931146 0.00208961 0.89117 0.189072 0.134434 0.139721
0  -0.110033   -1.58124  -0.372908   -2.34882   0.141607 -0.0931146 0.00208962 0.89117 0.281843 0.123648 0.139722
1 -0.167134  -1.57842 -0.372045  -2.34668  0.201669 -0.136652 0.00216693 0.909651 0.336583 0.0871119 0.0628892
1  -0.16843   -1.5795 -0.370628  -2.34864  0.201623 -0.139399 0.00212817 0.909651 0.271183 0.0894725 0.0595707
1  -0.16843   -1.5795 -0.370628  -2.34864  0.201623 -0.139399 0.0021282 0.909651 0.0745573 0.063611 0.0595707
1 -0.167657  -1.57727  -0.37358  -2.34466  0.201352 -0.138194 0.00214798 0.907598 0.228174 0.0777327 0.0630836
0  -0.107808   -1.57767  -0.377923   -2.34226   0.141041 -0.0891563 0.00217494 0.887064 0.357275 0.0572423 0.146691
1 -0.139981  -1.58279 -0.368662  -2.35287  0.173309 -0.115802 0.00212799 0.907598 0.166948 0.0650229 0.0961117
1 -0.132738  -1.58631 -0.364476  -2.35895  0.163614 -0.112396 0.00206003 0.909651 0.243166 0.0415185 0.103995
1 -0.141725  -1.58384 -0.367027  -2.35489  0.175522 -0.116877 0.00211212 0.907598 0.178495 0.0375946 0.0932901
0 -0.112965   -1.5841 -0.368952  -2.35406  0.142207 -0.098046 0.0022256 0.907598 0.244275 0.0716332 0.132635
0  -0.110033   -1.58124  -0.372908   -2.34882   0.141607 -0.0931146 0.00208961 0.89117 0.176223 0.0885106 0.139721
0  -0.108864   -1.57594  -0.380129   -2.33913   0.143825 -0.0876206 0.00208099 0.87885 0.355625 0.0780368 0.147994
0 -0.0815982   -1.58465  -0.369972    -2.3542   0.110168 -0.0728658 0.00224194 0.89117 0.257371 0.111975 0.178763
0 -0.0434664   -1.58381  -0.372298   -2.35218  0.0710094   -0.04209 0.00243828 0.876797 0.310886 0.0340322 0.236018
0 -0.0749762   -1.58801  -0.365852   -2.36006   0.101664 -0.0694026 0.00226471 0.895277 0.287477 0.0706448 0.18659
1 -0.167158  -1.57771 -0.373203  -2.34538  0.199896 -0.139003 0.0021818 0.909651 0.253694 0.0794663 0.0627883
0 -0.0496177   -1.58357  -0.372411   -2.35173  0.0808447 -0.0426122 0.00232272 0.870637 0.164843 0.0952771 0.229604
1 -0.168513  -1.57941 -0.370749  -2.34847  0.201718 -0.139473 0.00213064 0.909651 0.153369 0.05291 0.0595533
1 -0.132738  -1.58631 -0.364476  -2.35895  0.163614 -0.112396 0.00205999 0.909651 0.214278 0.044474 0.103995
1 -0.168681   -1.5744 -0.377479   -2.3395  0.203683 -0.137338 0.00201964 0.89117 0.416963 0.270977 0.066506
1 -0.167093  -1.57764 -0.373295  -2.34525  0.199866 -0.138915 0.00218229 0.909651 0.157079 0.0412247 0.0629573
1 -0.135984   -1.5839 -0.367465  -2.35472  0.167225 -0.114796 0.00209585 0.909651 0.0258426 0.0472411 0.100174
1 -0.135167  -1.58442 -0.366807  -2.35564  0.166244 -0.114236 0.00208127 0.909651 0.286366 0.120311 0.101102
0  -0.110189   -1.58161  -0.372481    -2.3495   0.141119 -0.0939943 0.00208308 0.89117 0.36463 0.117718 0.138879
0  -0.113172   -1.58097   -0.37297   -2.34848   0.145887 -0.0945056 0.00214317 0.895277 0.404865 0.0720032 0.135861
0 -0.0854491   -1.57815  -0.378185   -2.34258    0.11895 -0.0696769 0.00220914 0.880903 0.286376 0.175568 0.18016
1 -0.167158  -1.57771 -0.373203  -2.34538  0.199896 -0.139003 0.00218181 0.909651 0.231878 0.0456099 0.0627881
1 -0.168513  -1.57941 -0.370749  -2.34847  0.201718 -0.139473 0.00213066 0.909651 0.21407 0.0866729 0.0595532
1 -0.167906  -1.57802 -0.372538  -2.34601  0.201857 -0.138097 0.00213105 0.907598 0.197097 0.044532 0.0620226
0 -0.0815981   -1.58465  -0.369971    -2.3542   0.110167 -0.0728658 0.00224191 0.89117 0.0813911 0.0470057 0.178763
1  -0.14509  -1.57214 -0.382625  -2.33389  0.181263  -0.11707 0.00201503 0.882957 0.333165 0.0263349 0.100557
1 -0.116434  -1.58322 -0.369723  -2.35258  0.149654 -0.096366 0.00211704 0.899384 0.284353 0.0358242 0.130362
1 -0.141348  -1.58046 -0.371893  -2.34869   0.17389  -0.11788 0.002053 0.897331 -0.0203218 0.13206 0.0951207
0  -0.110033   -1.58124  -0.372908   -2.34882   0.141607 -0.0931147 0.00208959 0.89117 0.14177 0.0589293 0.139721
1  -0.115515   -1.58082  -0.372856   -2.34825   0.151342 -0.0923574 0.00214063 0.895277 0.544622 0.0989988 0.134911
1 -0.167158  -1.57771 -0.373203  -2.34538  0.199896 -0.139003 0.0021818 0.909651 0.121958 0.100644 0.0627882
0 -0.114166  -1.57725 -0.377624  -2.34191  0.149221 -0.092057 0.00216965 0.893224 0.259753 0.0926791 0.138884
1 -0.133575  -1.58532 -0.365714  -2.35721   0.16385 -0.113775 0.00211043 0.913758 0.14641 0.080553 0.102678
0 -0.0421496   -1.58682  -0.368453    -2.3575  0.0677117 -0.0434946 0.00251133 0.88501 0.226452 0.04201 0.235529
0 -0.0833464   -1.58125  -0.374275   -2.34809   0.115492 -0.0696382 0.002261 0.887064 0.238968 0.114975 0.180442
1 -0.198377   -1.5731 -0.375922  -2.33932  0.234647 -0.160978 0.00222902 0.895277 0.229452 0.0805211 0.0446749
0  -0.107808   -1.57767  -0.377923   -2.34226   0.141041 -0.0891563 0.00217493 0.887064 0.430689 0.101325 0.146691
0 -0.0854702   -1.57817  -0.378166   -2.34262   0.118266 -0.0707553 0.00220415 0.880903 0.306633 0.0917927 0.179455
0 -0.0854967    -1.5787  -0.377477   -2.34369   0.115459 -0.0744374 0.00223059 0.88501 0.281634 0.0461004 0.176891
0  -0.108101   -1.57422  -0.382395   -2.33607   0.143584 -0.0863759 0.00202265 0.87269 0.540034 0.0744114 0.150999
1 -0.141725  -1.58384 -0.367027  -2.35489  0.175522 -0.116877 0.00211213 0.907598 0.208365 0.0323241 0.0932901
1  -0.14489  -1.57171 -0.383201   -2.3331  0.180877 -0.117133 0.00201761 0.882957 -0.030725 0.0723866 0.101303
0 -0.0854967    -1.5787  -0.377477   -2.34369   0.115459 -0.0744374 0.00223058 0.88501 0.0733568 0.0829877 0.176891
0  -0.110033   -1.58124  -0.372908   -2.34882   0.141607 -0.0931147 0.0020896 0.89117 0.257041 0.102894 0.139721
0 -0.0774613   -1.58668  -0.367432   -2.35767   0.106247 -0.0689115 0.00218981 0.889117 0.250579 0.0371344 0.184649
0 -0.0833463   -1.58125  -0.374275   -2.34809   0.115492 -0.0696384 0.00226101 0.887064 0.206048 0.154948 0.180441
1 -0.141681  -1.57999 -0.372478  -2.34787  0.174447 -0.117897 0.00202795 0.895277 0.0820775 0.0723465 0.095116
0 -0.0774613   -1.58668  -0.367431   -2.35767   0.106247 -0.0689116 0.0021898 0.889117 0.275211 0.0399374 0.184649
1  -0.115968   -1.58056  -0.373186   -2.34779   0.151905 -0.0924942 0.00213666 0.895277 0.511059 0.10541 0.134557
0 -0.0815981   -1.58465  -0.369971    -2.3542   0.110168 -0.0728658 0.00224191 0.89117 0.165251 0.0636224 0.178763
1 -0.197916  -1.57954 -0.367707  -2.35079  0.231179 -0.164371 0.0022542 0.903491 0.377107 0.0805471 0.0357296
1 -0.141151   -1.5831 -0.368111   -2.3535  0.174901 -0.116331 0.00212358 0.907598 0.457261 0.103048 0.0945014
1  -0.114512   -1.58008  -0.374001   -2.34684   0.150174 -0.0915866 0.00217437 0.895277 0.252857 0.0377861 0.136858
0  -0.110033   -1.58124  -0.372908   -2.34882   0.141607 -0.0931146 0.00208961 0.89117 0.129842 0.0580383 0.139721
1 -0.168018   -1.5781 -0.372428  -2.34616   0.20185 -0.138294 0.00215911 0.909651 0.403677 0.0884596 0.0617608
