1 -0.218485  0.165281 -0.085079   1.85733   1.83067  0.518215 0.00289787 0.90036 0.531771 9.94173 0.00194903
1  -0.219092   0.165539 -0.0844683    1.85987    1.83796   0.514946 0.00291353 0.90036 0.401574 4.31195 0.00794684
1  -0.218854   0.165399 -0.0847694    1.85841    1.83492   0.517428 0.00291182 0.90096 0.459262 8.32512 0.00434641
1  -0.218626   0.165238 -0.0850527    1.85644     1.8316   0.520304 0.00290148 0.90096 0.402136 4.76724 0.000192969
1  -0.218871   0.165388 -0.0847692    1.85831    1.83511   0.517454 0.00291233 0.90096 0.445349 8.18463 0.0044246
1  -0.218858   0.165395 -0.0847681    1.85838    1.83498   0.517449 0.00291195 0.90096 0.47524 5.55717 0.00436505
1  -0.218858   0.165395 -0.0847681    1.85838    1.83498   0.517449 0.00291195 0.90096 0.438015 10.689 0.00436503
1  -0.217931   0.164775 -0.0857634     1.8525    1.82217   0.529109 0.00289568 0.90096 0.407357 4.96049 0.0110966
1  -0.217931   0.164775 -0.0857634     1.8525    1.82217   0.529109 0.00289568 0.90096 0.471648 9.03921 0.0110967
1  -0.218623   0.165189 -0.0850736    1.85607    1.83152   0.520513 0.00289236 0.90036 0.406368 4.72214 0.000235267
1  -0.218858   0.165395 -0.0847681    1.85838    1.83498   0.517449 0.00291195 0.90096 0.548244 9.73688 0.00436499
1  -0.218622   0.165189 -0.0850736    1.85607    1.83152   0.520514 0.00289236 0.90036 0.496329 11.5502 0.000235295
1  -0.218623   0.165189 -0.0850737    1.85607    1.83152   0.520513 0.00289237 0.90036 0.519826 9.9335 0.000235229
0 -0.0756681 -0.0715337  -0.144482  -0.506394   0.410112   -1.53829 0.00413367 0.610444 0.252611 6.66281 3.17126
1  -0.218858   0.165395 -0.0847681    1.85838    1.83498   0.517449 0.00291195 0.90096 0.465188 5.07705 0.00436502
1  -0.218622   0.165189 -0.0850736    1.85607    1.83152   0.520513 0.00289236 0.90036 0.405673 5.43164 0.00023524
1  -0.218863    0.16541 -0.0847581     1.8585    1.83503   0.517273 0.00291212 0.90096 0.375968 4.844 0.00451639
0  -0.221595    0.16398 -0.0810001     1.8637    1.85056   0.516793 0.00314253 0.885954 0.413342 6.44787 0.0201009
1  -0.218626   0.165238 -0.0850526    1.85644     1.8316   0.520304 0.00290148 0.90096 0.468764 7.29473 0.000193056
1  -0.218623   0.165189 -0.0850736    1.85607    1.83152   0.520514 0.00289236 0.90036 0.487648 11.571 0.000235269
1  -0.218858   0.165395 -0.0847681    1.85838    1.83498   0.517449 0.00291195 0.90096 0.437329 5.07834 0.00436504
1  -0.220984   0.163407 -0.0822396    1.85832      1.841    0.52422 0.00312724 0.888355 0.29911 6.07665 0.0104916
1  -0.218858   0.165395 -0.0847681    1.85838    1.83498   0.517449 0.00291195 0.90096 0.42626 4.44799 0.00436501
1  -0.218854   0.165399 -0.0847694    1.85841    1.83492   0.517428 0.00291182 0.90096 0.398907 5.06317 0.00434643
1 -0.218485  0.165281 -0.085079   1.85733   1.83067  0.518215 0.00289787 0.90036 0.423177 9.71491 0.00194903
1  -0.219097   0.165539 -0.0844648    1.85987    1.83805   0.514851 0.00291379 0.90036 0.42623 7.23721 0.00804382
1  -0.218622   0.165189 -0.0850736    1.85607    1.83152   0.520514 0.00289236 0.90036 0.431819 10.6621 0.000235295
0 -0.182463 -0.128616   -0.1316  -1.45926    1.3728 -0.986442 0.00393655 0.598439 0.221179 5.36292 3.14592
1  -0.216462   0.166801 -0.0877573    1.85335     1.8268   0.512857 0.00323556 0.898559 0.532114 5.23852 0.00929039
1  -0.218871   0.165388 -0.0847693    1.85831    1.83511   0.517454 0.00291233 0.90096 0.424011 12.0146 0.00442456
1  -0.220993   0.162999 -0.0824423    1.85509    1.84069   0.529106 0.00312341 0.887755 0.444703 6.62216 0.0113643
1  -0.219097   0.165539 -0.0844648    1.85987    1.83805   0.514851 0.00291379 0.90036 0.359473 4.4281 0.00804387
1  -0.218856   0.165393 -0.0847676    1.85838    1.83492    0.51744 0.00291177 0.90096 0.461108 5.37082 0.00432946
0   0.198843   0.170354 -0.0330299     1.9067   -1.90205  -0.662296 0.00448678 0.694478 -0.00440748 4.47491 3.14815
1  -0.218858   0.165395 -0.0847681    1.85838    1.83498   0.517449 0.00291195 0.90096 0.445013 5.89269 0.00436507
1  -0.219097   0.165539 -0.0844648    1.85987    1.83805   0.514851 0.00291379 0.90036 0.407449 4.46979 0.0080438
1  -0.218623   0.165189 -0.0850736    1.85607    1.83152   0.520514 0.00289236 0.90036 0.489364 6.3961 0.00023528
1  -0.218623   0.165189 -0.0850736    1.85607    1.83152   0.520514 0.00289236 0.90036 0.417661 5.75896 0.000235275
1  -0.219097   0.165539 -0.0844648    1.85987    1.83805   0.514851 0.00291379 0.90036 0.441029 4.49713 0.00804377
1  -0.218858   0.165395 -0.0847681    1.85838    1.83498   0.517449 0.00291195 0.90096 0.460536 4.25005 0.00436502
1  -0.218871   0.165388 -0.0847692    1.85831    1.83511   0.517454 0.00291232 0.90096 0.511906 4.28668 0.00442454
1  -0.218623   0.165189 -0.0850736    1.85607    1.83152   0.520513 0.00289236 0.90036 0.472503 4.7183 0.000235261
1  -0.218626   0.165238 -0.0850526    1.85644     1.8316   0.520304 0.00290148 0.90096 0.56424 5.16506 0.000193083
1  -0.218858   0.165395 -0.0847681    1.85838    1.83498   0.517449 0.00291195 0.90096 0.402044 6.21547 0.00436506
1  -0.218871   0.165388 -0.0847692    1.85831    1.83511   0.517454 0.00291232 0.90096 0.428527 8.20665 0.00442451
1  -0.218622   0.165189 -0.0850736    1.85607    1.83152   0.520514 0.00289236 0.90036 0.434328 5.15803 0.000235306
1  -0.218622   0.165189 -0.0850736    1.85607    1.83152   0.520514 0.00289237 0.90036 0.460052 7.4512 0.000235282
1  -0.218858   0.165395 -0.0847681    1.85838    1.83498   0.517449 0.00291195 0.90096 0.41937 6.63466 0.004365
1  -0.218623   0.165189 -0.0850737    1.85607    1.83152   0.520513 0.00289237 0.90036 0.429012 6.25931 0.000235242
1  -0.218626   0.165238 -0.0850526    1.85644     1.8316   0.520304 0.00290148 0.90096 0.528132 4.79235 0.000192957
1  -0.219097   0.165539 -0.0844648    1.85987    1.83805   0.514851 0.00291379 0.90036 0.437632 6.08915 0.00804385
1  -0.218875   0.165393 -0.0847635    1.85836    1.83517   0.517367 0.00291244 0.90096 0.362243 11.4471 0.00451075
1  -0.218858   0.165395 -0.0847681    1.85838    1.83498   0.517449 0.00291195 0.90096 0.42248 5.62609 0.00436504
1  -0.218623   0.165189 -0.0850736    1.85607    1.83152   0.520514 0.00289236 0.90036 0.464069 11.2919 0.000235276
1  -0.218623   0.165189 -0.0850736    1.85607    1.83152   0.520513 0.00289236 0.90036 0.485579 5.35905 0.000235243
1  -0.218871   0.165388 -0.0847692    1.85831    1.83511   0.517454 0.00291233 0.90096 0.428258 13.2048 0.00442448
1  -0.218871   0.165388 -0.0847692    1.85831    1.83511   0.517454 0.00291232 0.90096 0.484995 13.0482 0.00442458
1  -0.218622   0.165189 -0.0850736    1.85607    1.83152   0.520513 0.00289237 0.90036 0.490561 10.8926 0.000235262
1  -0.219097   0.165539 -0.0844648    1.85987    1.83805   0.514851 0.00291379 0.90036 0.458383 6.34114 0.00804388
1  -0.218858   0.165395 -0.0847681    1.85838    1.83498   0.517449 0.00291195 0.90096 0.440751 4.59823 0.00436502
1  -0.219097   0.165539 -0.0844648    1.85987    1.83805   0.514851 0.00291379 0.90036 0.395404 18.9083 0.00804386
1  -0.218871   0.165388 -0.0847692    1.85831    1.83511   0.517454 0.00291232 0.90096 0.372862 12.6779 0.00442456
1  -0.218623   0.165189 -0.0850736    1.85607    1.83152   0.520513 0.00289236 0.90036 0.460921 4.98239 0.000235266
1  -0.218626   0.165238 -0.0850526    1.85644     1.8316   0.520304 0.00290148 0.90096 0.454186 12.0698 0.000193035
1  -0.215739   0.166008 -0.0888692    1.84513    1.81583   0.527419 0.0031795 0.896158 0.320438 5.489 0.0197203
1  -0.219097   0.165539 -0.0844648    1.85987    1.83805   0.514851 0.00291379 0.90036 0.452749 6.78534 0.00804385
1  -0.221445     0.1639 -0.0813445     1.8631    1.84793   0.518629 0.0031276 0.885954 0.315297 10.2748 0.017639
1  -0.218858   0.165395 -0.0847681    1.85838    1.83498   0.517449 0.00291195 0.90096 0.422105 4.64789 0.00436497
1  -0.218481   0.165291 -0.0850855    1.85736    1.83067   0.518288 0.00289766 0.90036 0.416933 7.17967 0.0019094
1  -0.218858   0.165395 -0.0847681    1.85838    1.83498   0.517449 0.00291195 0.90096 0.40013 4.45947 0.00436507
1  -0.218858   0.165395 -0.0847681    1.85838    1.83498   0.517449 0.00291195 0.90096 0.390502 17.9572 0.00436507
1  -0.218858   0.165395 -0.0847681    1.85838    1.83498   0.517449 0.00291195 0.90096 0.436848 22.8247 0.00436511
0 -0.185943 -0.122542 -0.129264  -1.44263   1.36728  -1.02194 0.00417735 0.607443 0.140911 6.96524 3.14585
0 -0.0757794 -0.0682565  -0.143667  -0.501449   0.397039   -1.52016 0.00417861 0.603842 0.221963 6.22145 3.17093
1  -0.218622   0.165189 -0.0850736    1.85607    1.83152   0.520514 0.00289237 0.90036 0.416621 4.92363 0.000235271
1  -0.218623   0.165189 -0.0850736    1.85607    1.83152   0.520514 0.00289236 0.90036 0.525834 5.39343 0.000235298
1  -0.219097   0.165539 -0.0844648    1.85987    1.83805   0.514851 0.00291379 0.90036 0.469962 6.64812 0.00804384
1  -0.218858   0.165395 -0.0847681    1.85838    1.83498   0.517449 0.00291195 0.90096 0.406105 5.20087 0.00436507
0 -0.184407 -0.120123 -0.131282  -1.41558   1.35127  -1.04121 0.0039987 0.59964 0.10734 5.95839 3.14004
1  -0.218854   0.165399 -0.0847694    1.85841    1.83492   0.517428 0.00291182 0.90096 0.501131 13.5054 0.0043464
1  -0.218404    0.16533 -0.0851256    1.85782    1.82948   0.518698 0.00290709 0.90096 0.517797 9.95982 0.0023175
1  -0.218871   0.165388 -0.0847692    1.85831    1.83511   0.517454 0.00291232 0.90096 0.316343 4.70969 0.00442457
1  -0.218854   0.165399 -0.0847694    1.85841    1.83492   0.517428 0.00291182 0.90096 0.44417 18.826 0.00434645
1  -0.218854   0.165399 -0.0847694    1.85841    1.83492   0.517428 0.00291182 0.90096 0.480772 6.50533 0.00434643
1  -0.219097   0.165539 -0.0844648    1.85987    1.83805   0.514851 0.00291379 0.90036 0.472915 12.9473 0.00804386
1  -0.219097   0.165539 -0.0844648    1.85987    1.83805   0.514851 0.00291379 0.90036 0.2674 6.62068 0.00804379
1  -0.218854   0.165399 -0.0847694    1.85841    1.83492   0.517428 0.00291182 0.90096 0.466802 10.8983 0.00434646
1  -0.219097   0.165539 -0.0844648    1.85987    1.83805   0.514851 0.00291379 0.90036 0.398025 5.75844 0.00804385
1  -0.215838   0.166747 -0.0883494    1.85233    1.81605   0.522049 0.00322921 0.89916 0.349035 6.62851 0.0154646
1  -0.218858   0.165395 -0.0847681    1.85838    1.83498   0.517449 0.00291195 0.90096 0.483011 6.81043 0.00436501
1  -0.218622   0.165189 -0.0850736    1.85607    1.83152   0.520513 0.00289236 0.90036 0.445128 4.74867 0.000235266
1  -0.218405   0.165326 -0.0851251    1.85779     1.8295   0.518668 0.00290708 0.90096 0.313485 4.35644 0.00231545
1  -0.218858   0.165395 -0.0847681    1.85838    1.83498   0.517449 0.00291195 0.90096 0.415736 5.67952 0.00436504
1  -0.218858   0.165395 -0.0847681    1.85838    1.83498   0.517449 0.00291195 0.90096 0.412268 6.6176 0.00436505
1  -0.218626   0.165238 -0.0850527    1.85644     1.8316   0.520304 0.00290148 0.90096 0.475964 6.03774 0.000193035
1  -0.218976   0.165126 -0.0846419    1.85617    1.83784   0.516015 0.00291197 0.90036 0.471776 5.13971 0.00620775
1  -0.218871   0.165388 -0.0847692    1.85831    1.83511   0.517454 0.00291232 0.90096 0.51085 10.4726 0.00442456
1  -0.218858   0.165395 -0.0847681    1.85838    1.83498   0.517449 0.00291195 0.90096 0.372307 4.5256 0.00436507
1  -0.218623   0.165189 -0.0850736    1.85607    1.83152   0.520513 0.00289236 0.90036 0.508995 18.1097 0.000235232
1  -0.218858   0.165395 -0.0847681    1.85838    1.83498   0.517449 0.00291195 0.90096 0.488457 4.76136 0.00436494
0 -0.0981723 -0.0504376   -0.13431   -0.67191   0.537531   -1.82289 0.0053331 0.398559 0.0205611 5.59265 3.05178
1 -0.218485  0.165281 -0.085079   1.85733   1.83067  0.518215 0.00289787 0.90036 0.399552 5.41197 0.00194901
1  -0.219097   0.165539 -0.0844648    1.85987    1.83805   0.514851 0.00291379 0.90036 0.235882 5.31876 0.00804385
1  -0.218481   0.165291 -0.0850855    1.85736    1.83067   0.518288 0.00289766 0.90036 0.479233 4.79485 0.0019094
1  -0.219097   0.165539 -0.0844648    1.85987    1.83805   0.514851 0.00291379 0.90036 0.465069 6.79444 0.00804386
1  -0.218623   0.165189 -0.0850736    1.85607    1.83152   0.520513 0.00289236 0.90036 0.487476 12.8821 0.000235246
1  -0.218481   0.165291 -0.0850855    1.85736    1.83067   0.518288 0.00289766 0.90036 0.506425 5.5006 0.0019094
0 -0.184407 -0.120123 -0.131282  -1.41558   1.35127  -1.04121 0.0039987 0.59964 0.134363 4.97995 3.14004
1  -0.218871   0.165388 -0.0847692    1.85831    1.83511   0.517454 0.00291232 0.90096 0.376266 4.62745 0.00442454
