1  -0.220963   0.162939 -0.0825535    1.85446    1.83994   0.530152 0.00309383 0.885954 0.479163 0.706828 0.0113364
0  -0.226691    0.15625 -0.0727612     1.8653    1.82257   0.532193 0.00350849 0.747899 0.279372 0.36447 0.0200678
1  -0.221391   0.163294 -0.0819386    1.85785     1.8463   0.523439 0.00312314 0.886555 0.396053 1.0416 0.0145139
0  -0.226325   0.156518 -0.0727386    1.86762      1.818   0.532524 0.00351231 0.747899 0.276271 0.230125 0.0218274
0  -0.224097   0.161031 -0.0764566     1.8753    1.83515   0.523617 0.00366011 0.809124 0.302933 0.167838 0.0209225
1 -0.221065  0.163323 -0.082275    1.8576   1.84177  0.524505 0.00312861 0.888355 0.436197 0.215751 0.010921
0  -0.224097   0.161031 -0.0764566     1.8753    1.83515   0.523617 0.00366011 0.809124 0.293625 0.706089 0.0209226
0 -0.199208  0.185718  -0.11603   1.83148   1.84526  0.541359 0.00390448 0.639856 0.200892 0.255614 0.0422487
0  -0.219788   0.161851 -0.0841692    1.84336    1.82383   0.543574 0.0030869 0.888355 0.436757 0.476461 0.0218813
1  -0.222509   0.161895 -0.0796429    1.86391    1.83744   0.531573 0.00350561 0.853541 0.280505 0.192579 0.0153742
1  -0.220966   0.163529 -0.0821706    1.85943    1.84086    0.52355 0.00312873 0.888355 0.514613 0.690954 0.0106675
0  -0.225001   0.158936 -0.0746591    1.87252    1.82425   0.525578 0.003586 0.778511 0.375541 0.930622 0.0189308
0  -0.214858   0.168193 -0.0873112    1.87219    1.79734   0.519782 0.0033803 0.901561 0.438822 0.953991 0.0291966
0 -0.0908948 -0.0557477   -0.14285  -0.458836   0.439551   -1.68853 0.00446483 0.559424 0.192735 0.42683 3.16982
1  -0.223723   0.160861 -0.0768982    1.87312    1.83001   0.525945 0.00363649 0.808523 0.332119 0.384066 0.0181894
0  -0.226369   0.156359 -0.0728652    1.86604    1.81834    0.53329 0.00352 0.748499 0.276706 0.318385 0.0215678
0  -0.224903    0.15879 -0.0749159    1.87093    1.82248   0.528602 0.00359554 0.779112 0.229521 0.347002 0.0189545
0 -0.232368    0.1493 -0.065624   1.85464   1.82482  0.541402 0.00337553 0.666267 0.369845 0.324167 0.0301263
1  -0.222532   0.161932 -0.0795671     1.8642    1.83811   0.530447 0.00349694 0.852941 0.35974 0.370255 0.0153338
0   -0.2238  0.161055 -0.076747   1.87472   1.83098  0.523562 0.00364094 0.808523 0.245402 0.912614 0.0190696
0   -0.21126   0.171042 -0.0964769     1.8378    1.82434     0.5243 0.00367608 0.809724 0.289678 0.337153 0.0229516
0  -0.233937   0.149286 -0.0643937    1.85846    1.84497   0.538902 0.00338703 0.664466 0.240883 0.261243 0.0334022
0  -0.228127   0.153671 -0.0709941    1.85883    1.81665   0.538067 0.00352229 0.720888 0.306006 0.354215 0.0253169
0  -0.226766   0.155831 -0.0730409    1.86119    1.82316   0.535248 0.00350666 0.747899 0.276112 0.607727 0.0203536
0 -0.203231  0.182155 -0.117276   1.78627   1.90676  0.538419 0.00442535 0.631453 0.119131 0.602405 0.0825296
0 -0.208894  0.172174 -0.100374    1.8287   1.81221  0.542555 0.00370895 0.780912 0.269651 0.338436 0.0389628
1  -0.222532   0.161932 -0.0795671     1.8642    1.83811   0.530447 0.00349693 0.852941 0.313057 0.362396 0.0153337
0 -0.185352 -0.120353 -0.130828  -1.42003   1.36095  -1.05565 0.00399624 0.60024 0.20937 0.253516 3.14206
0 -0.206698  0.172755 -0.104123   1.81533   1.80542  0.560203 0.00362073 0.7497 0.476415 0.241967 0.0567008
1  -0.218623   0.165189 -0.0850736    1.85607    1.83152   0.520513 0.00289236 0.90036 0.459945 0.557952 0.000235247
0  -0.225083   0.159091 -0.0745437    1.87383    1.82524    0.52453 0.00359073 0.778511 0.36162 0.303633 0.0195143
0  -0.226766   0.155831 -0.0730409    1.86119    1.82316   0.535248 0.00350666 0.747899 0.229145 0.358373 0.0203536
1  -0.221445     0.1639 -0.0813445     1.8631    1.84793   0.518629 0.0031276 0.885954 0.421163 0.265572 0.017639
0  0.187714  0.187575 -0.036699   1.94185  -1.95384 -0.581929 0.00434396 0.656062 0.0275624 0.388886 3.15123
0  -0.224107    0.16102 -0.0764313    1.87522    1.83537   0.523526 0.00366047 0.809124 0.302354 0.242173 0.0209399
0  -0.224903    0.15879 -0.0749159    1.87093    1.82248   0.528602 0.00359554 0.779112 0.268808 0.322685 0.0189545
1  -0.220925   0.163489 -0.0821153    1.85927    1.84045   0.525582 0.0031341 0.888355 0.446686 0.203395 0.0109223
0  -0.229452    0.15139 -0.0690506    1.85569    1.80872   0.547211 0.0036251 0.701681 0.270134 0.414162 0.0345328
0 -0.208894  0.172174 -0.100374    1.8287   1.81221  0.542554 0.00370895 0.780912 0.288488 0.308239 0.0389627
1  -0.221445     0.1639 -0.0813445     1.8631    1.84793   0.518629 0.0031276 0.885954 0.420586 0.242114 0.017639
0  -0.224903    0.15879 -0.0749159    1.87093    1.82248   0.528602 0.00359554 0.779112 0.397402 0.464383 0.0189545
1 -0.224066  0.160624 -0.076666   1.87199   1.83458  0.526712 0.00364535 0.808523 0.335176 0.257196 0.0190152
1 -0.224066  0.160624 -0.076666   1.87199   1.83458  0.526712 0.00364535 0.808523 0.452523 0.20996 0.0190152
0  -0.224097   0.161031 -0.0764566     1.8753    1.83515   0.523617 0.00366011 0.809124 0.248414 0.283331 0.0209225
0 -0.205889  0.173192 -0.106897   1.80027   1.81543  0.571606 0.00376406 0.731092 0.261395 0.41384 0.0666918
0  -0.224649    0.15796 -0.0756544    1.86321    1.81825   0.537262 0.00356191 0.777911 0.303382 0.370904 0.0207382
0  -0.224649    0.15796 -0.0756544    1.86321    1.81825   0.537262 0.00356192 0.777911 0.33506 0.558319 0.0207381
0 -0.201065  0.183803 -0.120166   1.78202   1.90099  0.543178 0.00439671 0.612245 0.123317 0.192474 0.0835994
0  -0.211227   0.170487 -0.0970287    1.83211    1.82256    0.53158 0.00365995 0.808523 0.277482 0.300541 0.0282555
1  -0.222532   0.161932 -0.0795671     1.8642    1.83811   0.530447 0.00349694 0.852941 0.431293 0.340837 0.0153338
1  -0.221408   0.163261 -0.0819604    1.85757    1.84644   0.523594 0.00312269 0.886555 0.397314 0.461005 0.0145602
0 -0.198664  0.188146 -0.117119   1.83716   1.86232  0.530539 0.00402669 0.62425 0.11825 0.309074 0.0454239
0  -0.226691    0.15625 -0.0727612     1.8653    1.82257   0.532193 0.00350849 0.747899 0.304171 0.276565 0.0200679
1  -0.218623   0.165189 -0.0850736    1.85607    1.83152   0.520513 0.00289237 0.90036 0.464069 0.446617 0.000235224
1  -0.222532   0.161932 -0.0795671     1.8642    1.83811   0.530447 0.00349694 0.852941 0.378052 0.306915 0.0153338
0   -0.2238  0.161055 -0.076747   1.87472   1.83098  0.523562 0.00364094 0.808523 0.285218 0.791413 0.0190694
1 -0.221065  0.163323 -0.082275    1.8576   1.84177  0.524505 0.00312861 0.888355 0.446749 0.930624 0.0109211
0  -0.225208    0.15892 -0.0746149    1.87245    1.82633   0.525847 0.00358942 0.778511 0.367786 0.641839 0.0189943
1 -0.221219  0.163232   -0.0822   1.85697   1.84373  0.524447 0.00310869 0.886555 0.422155 0.451987 0.0123074
1  -0.222868   0.162033 -0.0791918    1.86595     1.8428   0.527382 0.00354885 0.854742 0.318433 0.229299 0.0180086
0  -0.228127   0.153671 -0.0709941    1.85883    1.81665   0.538067 0.00352229 0.720888 0.269144 1.16591 0.0253169
1  -0.218626   0.165238 -0.0850526    1.85644     1.8316   0.520304 0.00290148 0.90096 0.469558 0.737613 0.000192961
0  -0.226594   0.156096 -0.0729768    1.86408      1.821   0.534133 0.00350592 0.747899 0.346567 0.456777 0.0208071
0  -0.222746     0.1599 -0.0781607    1.86385    1.81675   0.536406 0.0036179 0.808523 0.330856 0.764016 0.0193605
0  -0.222311   0.159466 -0.0788135    1.85894    1.81075   0.540195 0.0036458 0.809724 0.220774 0.388005 0.0238072
0  -0.226766   0.155831 -0.0730409    1.86119    1.82316   0.535248 0.00350666 0.747899 0.3414 0.391214 0.0203537
0  -0.224903    0.15879 -0.0749159    1.87093    1.82248   0.528602 0.00359554 0.779112 0.212854 0.642913 0.0189545
1   -0.22291   0.162048 -0.0791298    1.86657    1.84336   0.528111 0.00354729 0.853541 0.296019 0.26496 0.0189914
0 -0.200575  0.184206 -0.113463   1.83599   1.84216  0.535728 0.00379068 0.65066 0.23724 0.442274 0.0371427
1   -0.22291   0.162048 -0.0791298    1.86657    1.84336   0.528111 0.00354729 0.853541 0.269248 0.195852 0.0189914
0  -0.224097   0.161031 -0.0764566     1.8753    1.83515   0.523617 0.00366011 0.809124 0.233906 0.950941 0.0209225
1 -0.224066  0.160624 -0.076666   1.87199   1.83458  0.526712 0.00364535 0.808523 0.313447 1.07415 0.0190152
0 -0.184192 -0.113607 -0.130623  -1.38252   1.30574   -1.0579 0.00369197 0.578631 0.240732 0.173276 3.14309
0 -0.0705131 -0.0721878   -0.14509  -0.490542   0.389259   -1.54043 0.00424015 0.612845 0.210505 0.376022 3.16964
0  -0.226274    0.15652 -0.0727728    1.86752    1.81745    0.53245 0.00352141 0.748499 0.289745 0.198548 0.0219112
1  -0.218626   0.165238 -0.0850527    1.85644     1.8316   0.520304 0.00290148 0.90096 0.524339 0.233984 0.000192969
0  -0.230878    0.15263 -0.0669026    1.86861    1.83013   0.528842 0.00351234 0.693878 0.361083 0.34005 0.0254933
0  -0.226691    0.15625 -0.0727612     1.8653    1.82257   0.532193 0.00350849 0.747899 0.284441 0.371066 0.0200678
0 -0.180852 -0.120803 -0.134433  -1.39536   1.33564  -1.05036 0.00368397 0.591837 0.177599 0.174542 3.13615
1   -0.22291   0.162048 -0.0791298    1.86657    1.84336   0.528111 0.00354729 0.853541 0.392258 0.436273 0.0189914
0 -0.208876  0.172023 -0.100424   1.82796   1.81309  0.541225 0.00371415 0.781513 0.383927 0.467869 0.0387172
0  -0.226691    0.15625 -0.0727612     1.8653    1.82257   0.532193 0.00350849 0.747899 0.176396 0.209282 0.0200678
1  -0.221204   0.162966 -0.0822439    1.85504    1.84356   0.527743 0.00311369 0.886555 0.433714 0.924519 0.0128226
1  -0.216547   0.167147 -0.0875941    1.85645    1.82589   0.514408 0.00321956 0.897359 0.425897 0.420575 0.0079378
0  -0.224893   0.158827 -0.0748931    1.87117     1.8223   0.528279 0.00359546 0.779112 0.349606 0.795783 0.0190016
0  -0.224107    0.16102 -0.0764313    1.87522    1.83537   0.523526 0.00366047 0.809124 0.0796671 0.286478 0.0209398
1  -0.222868   0.162033 -0.0791918    1.86595     1.8428   0.527382 0.00354885 0.854742 0.350151 0.634249 0.0180087
0  -0.233932   0.149249 -0.0644372    1.85824    1.84471   0.539502 0.00338806 0.664466 0.300043 0.293565 0.0335047
0  -0.224649    0.15796 -0.0756544    1.86321    1.81825   0.537263 0.00356191 0.777911 0.281966 0.552448 0.0207383
1   -0.22291   0.162048 -0.0791298    1.86657    1.84336   0.528111 0.00354729 0.853541 0.370213 0.490045 0.0189913
1  -0.220998   0.163004 -0.0824323    1.85519    1.84076   0.529125 0.00312459 0.887755 0.400578 0.20205 0.0114381
1 -0.222459  0.161893 -0.079537   1.86322   1.83836  0.525071 0.00346221 0.852341 0.18239 0.18 0.0128003
1   -0.22291   0.162048 -0.0791298    1.86657    1.84336   0.528111 0.00354729 0.853541 0.288259 0.216539 0.0189914
0  -0.226766   0.155831 -0.0730409    1.86119    1.82316   0.535248 0.00350666 0.747899 0.292236 0.331684 0.0203537
1  -0.222532   0.161932 -0.0795671     1.8642    1.83811   0.530447 0.00349694 0.852941 0.368419 0.30237 0.0153337
0 -0.206698  0.172755 -0.104123   1.81533   1.80542  0.560203 0.00362073 0.7497 0.343209 0.191298 0.0567006
0 -0.208776  0.172138 -0.100382   1.82887   1.81221  0.541109 0.00371486 0.781513 0.400362 0.629302 0.0385843
1   -0.22291   0.162048 -0.0791298    1.86657    1.84336   0.528111 0.00354729 0.853541 0.235356 0.217293 0.0189914
1  -0.218623   0.165189 -0.0850736    1.85607    1.83152   0.520514 0.00289236 0.90036 0.508995 0.588976 0.000235286
1 -0.222826  0.161966 -0.079251   1.86554   1.84232  0.528672 0.00353575 0.853541 0.378874 0.1693 0.0178874
0 -0.081425 -0.059536 -0.142025 -0.487066  0.390254   -1.5386 0.00430507 0.582833 0.209361 0.151167 3.1711
0   -0.22865   0.153592 -0.0704966    1.85944    1.82511   0.534077 0.00348317 0.718487 0.278274 0.337902 0.0219033
1   -0.22291   0.162048 -0.0791298    1.86657    1.84336   0.528111 0.00354729 0.853541 0.0697529 0.157851 0.0189914
1  -0.220465    0.16371 -0.0823095    1.86035     1.8357   0.520954 0.00313683 0.890156 0.436251 0.13189 0.00673643
0  -0.224103   0.161033 -0.0764313    1.87533    1.83531   0.523477 0.00366051 0.809124 0.327982 0.285636 0.0209931
1  -0.215822   0.166769 -0.0883433    1.85255    1.81591   0.521776 0.00322084 0.898559 0.42927 0.682116 0.0155035
1  -0.223553   0.160206 -0.0773989    1.86682    1.82909   0.528155 0.00362717 0.808523 0.382164 0.165225 0.0145535
0 -0.189157 -0.116092 -0.125292  -1.43563   1.33352  -1.00544 0.00409766 0.579232 0.112939 0.1946 3.14364
1  -0.222788   0.161919 -0.0793108    1.86495    1.84177   0.528978 0.00352019 0.852941 0.246079 0.10674 0.0173139
