0  -0.217694   0.162608 -0.0871291    1.83421    1.82288   0.536497 0.00300199 0.901561 0.514947 9.84208 0.0247525
0  -0.219617   0.166824 -0.0827843    1.87556     1.8494   0.494177 0.0030234 0.896158 0.379008 4.2289 0.0310731
0  -0.216151   0.166683 -0.0847656    1.87376    1.80425     0.5182 0.00311415 0.897959 0.421689 8.23614 0.0242258
0  -0.217169   0.166524 -0.0840204    1.86877    1.82464   0.504081 0.00310166 0.90036 0.360889 4.62736 0.0161118
1  -0.218662   0.163999 -0.0860462    1.84733     1.8318   0.521705 0.00300643 0.902761 0.427426 8.08273 0.00789731
1 -0.217709  0.164546 -0.085979   1.85213   1.82238  0.527447 0.00293707 0.90096 0.470714 5.49281 0.0106115
1  -0.217636   0.164194 -0.0860798    1.84879    1.82166   0.530608 0.00296146 0.902761 0.42846 10.6295 0.0137971
0  -0.217253   0.164121 -0.0865997     1.8487     1.8151   0.537822 0.00294929 0.90036 0.396385 4.87446 0.0207506
0  -0.215114   0.161333 -0.0902683    1.82102     1.7849   0.569545 0.00319204 0.902761 0.417573 8.89008 0.0654557
1  -0.217861   0.164642 -0.0856779    1.85457     1.8239   0.530289 0.00294525 0.89916 0.395513 4.63849 0.00982256
0  -0.216073   0.164448 -0.0867306    1.85011    1.80158   0.534851 0.00300552 0.901561 0.533727 9.64191 0.0293151
1  -0.217196   0.164493 -0.0862711    1.85164     1.8157   0.529892 0.00295142 0.901561 0.486046 11.4566 0.0164795
0  -0.216912   0.164091 -0.0868318    1.84811     1.8111   0.536615 0.00297244 0.902161 0.506533 9.82497 0.0233146
0 -0.0512349 -0.0555839  -0.149634  -0.315448   0.209958   -1.55941 0.00580249 0.436975 -0.0491209 6.55368 3.17729
1   -0.21915   0.166205 -0.0839324    1.86848    1.83913    0.51435 0.00292837 0.896759 0.462174 5.00737 0.0144558
1    -0.2178   0.164708 -0.0854518    1.85378    1.82631   0.518641 0.00295598 0.89976 0.3926 5.36771 0.00602702
0  -0.220046   0.167618 -0.0829914    1.88148    1.85083   0.493089 0.00310136 0.895558 0.335418 4.78551 0.0357213
0    -0.2213   0.167314 -0.0780301    1.89549    1.85713   0.488574 0.00334808 0.881753 0.374969 6.28387 0.0501452
0  -0.222393   0.170382 -0.0764237    1.90724    1.90377   0.425306 0.00353538 0.87515 0.352702 7.06511 0.107218
0   -0.21701   0.164159 -0.0866418     1.8487    1.81247   0.535995 0.00295649 0.901561 0.476289 11.4688 0.0218739
1  -0.218818   0.165926 -0.0840699     1.8668    1.83678   0.512721 0.00294003 0.896759 0.431905 5.0147 0.0122895
0  -0.219075   0.162232 -0.0840584    1.84735    1.82082   0.536956 0.00319555 0.891957 0.283799 5.99856 0.0178188
1  -0.217703   0.164666 -0.0859135    1.85352    1.82195   0.529363 0.00295984 0.902161 0.416824 4.38345 0.0109821
1  -0.217498   0.165688 -0.0849356    1.86314    1.82261   0.511433 0.00300699 0.90036 0.37926 4.9991 0.0108258
0  -0.217384    0.16202 -0.0876051    1.82788     1.8184   0.539351 0.00305131 0.903962 0.392635 9.61357 0.0322778
0  -0.223463   0.162839 -0.0817876    1.83654     1.9015   0.507152 0.00359403 0.882353 0.292281 7.05367 0.0588349
0  -0.217154   0.164017 -0.0864953    1.84715    1.81662   0.533921 0.00299678 0.903361 0.411307 10.5798 0.0190607
0 -0.186326   -0.1282 -0.130701  -1.44063   1.40237 -0.985575 0.00503632 0.596038 0.00359588 5.21533 3.12045
0  -0.218278   0.163121 -0.0885415    1.82409    1.84665   0.533822 0.00343552 0.893758 0.503198 5.11778 0.0286836
1 -0.218204  0.163746 -0.086132   1.84632   1.82793  0.530045 0.00298433 0.901561 0.40977 11.9411 0.011898
1  -0.220122   0.162813 -0.0828453    1.85245    1.83718   0.520339 0.00323958 0.891357 0.424049 6.56271 0.00587501
0  -0.219891   0.167165 -0.0825852    1.87707    1.85453   0.494527 0.00301713 0.894358 0.336757 4.31641 0.0347613
1  -0.218751   0.165641 -0.0843203    1.86422    1.83765   0.507861 0.00298112 0.897359 0.448273 5.33066 0.0129376
0   0.207833    0.19056 -0.0210005    2.03786   -1.98259   -0.51686 0.00538954 0.627851 -0.206499 4.32251 3.12649
1  -0.217536   0.164561 -0.0859325    1.85262    1.82108   0.526758 0.00295244 0.90096 0.437296 5.82934 0.0111671
0  -0.220481    0.16919 -0.0795635    1.89952    1.86583   0.463873 0.00326543 0.889556 0.33594 4.31505 0.065828
1  -0.217661   0.164767 -0.0859165    1.85461    1.82097   0.525074 0.00294776 0.90096 0.479584 6.29979 0.010109
1  -0.217855    0.16432 -0.0861068    1.85003    1.82315   0.531577 0.00295908 0.902761 0.404229 5.67007 0.0126295
0 -0.221469  0.167997 -0.080287   1.88644   1.87821   0.47106 0.00314312 0.887155 0.397035 4.33811 0.0629841
1  -0.217845   0.164946 -0.0855822    1.85634    1.82335   0.526279 0.00293102 0.90036 0.457003 4.18581 0.00802891
1  -0.218756   0.164752 -0.0849803    1.85517    1.83641   0.518314 0.0029458 0.89916 0.506295 4.24155 0.00430755
1 -0.217238  0.164349 -0.086442   1.85063    1.8153  0.532909 0.00295552 0.901561 0.460985 4.61524 0.018053
0  -0.216545    0.16563 -0.0855897    1.86198    1.80968   0.518537 0.00304931 0.902161 0.542039 5.05741 0.0184417
0  -0.215244   0.163054 -0.0879987    1.83883    1.79015   0.547551 0.00315417 0.901561 0.352306 6.11338 0.0459705
1  -0.218273   0.163501 -0.0863483    1.84299    1.82761   0.519003 0.00310816 0.904562 0.3901 8.11682 0.0134334
1  -0.217659     0.1642 -0.0862587    1.85004    1.81995   0.532863 0.0029731 0.902161 0.418538 5.06126 0.0151111
0  -0.217966   0.163368 -0.0869273    1.84097    1.82387   0.540642 0.00295577 0.89916 0.448216 7.34397 0.0213806
1  -0.217862   0.164424 -0.0857982    1.85139    1.82489    0.52768 0.0029457 0.90096 0.412642 6.57989 0.00935785
1  -0.217841   0.164144 -0.0859939    1.84968    1.82397   0.532148 0.00295805 0.90036 0.416044 6.17554 0.0126016
1  -0.219158   0.164789 -0.0841843    1.85856    1.84274   0.513921 0.00299814 0.894358 0.512412 4.72268 0.0112486
0  -0.228464   0.160288 -0.0782293    1.81979    1.95661   0.485963 0.00427082 0.857143 0.175723 5.86835 0.106365
0  -0.218823   0.162428 -0.0858904    1.82979    1.84588   0.496178 0.00344521 0.895558 0.245579 11.3623 0.0298428
0   -0.21606   0.167936 -0.0851052     1.8838    1.80042   0.516117 0.00313731 0.896158 0.377786 5.51434 0.0305993
1  -0.21807  0.164018 -0.085985   1.84746   1.82526  0.532126 0.00296006 0.903361 0.451525 11.212 0.0131363
0  -0.217162   0.164201 -0.0866286    1.84912    1.81429   0.535398 0.0029673 0.902161 0.472251 5.25224 0.0202284
1  -0.218803   0.164557 -0.0853583    1.85402    1.83436    0.52189 0.00297971 0.90096 0.415029 13.1358 0.00297589
0  -0.217019   0.163279 -0.0868484    1.84111    1.81549   0.537985 0.00300517 0.90096 0.468576 12.9887 0.0244669
1  -0.217594   0.165268 -0.0850565    1.85806    1.82586   0.502665 0.00306909 0.89916 0.459433 10.8234 0.0145325
0   -0.22547   0.156223 -0.0843373    1.78433    1.91219   0.536658 0.00408706 0.870348 0.240296 6.181 0.0804827
1  -0.217771   0.164443 -0.0859005    1.85134    1.82319   0.527632 0.0029437 0.901561 0.434654 4.528 0.0104805
0 -0.219471  0.166039 -0.083369   1.86727   1.84828  0.502968 0.00296324 0.895558 0.385144 18.8163 0.0225797
0  -0.217596    0.16256 -0.0872416    1.83382    1.82234   0.530732 0.00309157 0.904562 0.334264 12.5884 0.0240254
1  -0.217643   0.163851 -0.0863556    1.84604    1.82224   0.528891 0.00296721 0.901561 0.446972 4.89041 0.0146395
0  -0.216123   0.167919 -0.0846393    1.88408    1.80734    0.50831 0.00318399 0.897359 0.401042 11.9452 0.0284234
0  -0.218877   0.162163 -0.0888609    1.81172    1.85575   0.535437 0.00344751 0.887155 0.263157 5.37716 0.0395761
0  -0.220826    0.16724 -0.0817281    1.87801     1.8667    0.47918 0.00309683 0.894358 0.418372 6.64714 0.0485105
0  -0.222565   0.166055 -0.0780915     1.8827     1.8751   0.476945 0.00346392 0.888956 0.241669 10.0866 0.0571518
0  -0.217142    0.16395 -0.0865878    1.84801     1.8151   0.533534 0.00302233 0.903361 0.4002 4.56951 0.0195837
0  -0.217389   0.163341 -0.0868319    1.83995    1.82017     0.5305 0.00299466 0.902761 0.397416 7.09622 0.0204669
1  -0.217702   0.164374 -0.0860374    1.85043    1.82268   0.526698 0.0029374 0.90096 0.394888 4.39553 0.011089
0  -0.217232    0.16413 -0.0867217    1.84711    1.81552   0.536072 0.00295114 0.902161 0.3823 17.8831 0.0205425
1 -0.217748   0.16447 -0.085838   1.85215   1.82291  0.527084 0.00292955 0.89976 0.433445 22.7645 0.0101096
0 -0.186962 -0.117097 -0.132221  -1.35616   1.37733  -1.03661 0.00574921 0.581032 -0.182347 6.77675 3.08849
0 -0.0541021 -0.0532553  -0.149118  -0.324006   0.213728   -1.53042 0.00617155 0.427371 -0.149111 6.08015 3.17179
1  -0.217367    0.16538 -0.0855042    1.86108    1.81841   0.523014 0.0029532 0.898559 0.404352 4.83066 0.0110165
1   -0.21732    0.16441 -0.0862522    1.85086    1.81732   0.530634 0.00294933 0.901561 0.516494 5.30541 0.0157833
0  -0.217753   0.167242 -0.0821436    1.87973    1.83587    0.49312 0.00322435 0.893157 0.413469 6.50711 0.0286954
1  -0.217662    0.16412 -0.0860746    1.84887    1.82272   0.527426 0.0029597 0.90096 0.396368 5.14084 0.0121621
0 -0.193885 -0.120809 -0.127218  -1.41186   1.45364 -0.976449 0.00544011 0.566026 -0.214437 5.70457 3.07733
1   -0.21806   0.165051 -0.0852754    1.85738    1.82728   0.520769 0.00292301 0.89916 0.499214 13.4412 0.00354618
0  -0.217115   0.163587 -0.0869655    1.84393    1.81526   0.535267 0.00302554 0.903361 0.498148 9.83251 0.0221667
1 -0.218525  0.165076 -0.084909   1.85754    1.8331  0.520492 0.00291386 0.898559 0.315984 4.66507 0.00200717
1 -0.217682  0.164413  -0.08584   1.85128   1.82212  0.527235 0.00293968 0.90096 0.438851 18.7619 0.0111397
1  -0.218366   0.165013 -0.0851536    1.85709    1.83081    0.51777 0.00293494 0.89976 0.476649 6.44555 0.00217719
0   -0.21932   0.166129 -0.0835164    1.86889    1.84826   0.495512 0.00308475 0.897359 0.44199 12.8869 0.0264103
0  -0.220413   0.169551 -0.0797142    1.90106    1.86529   0.467657 0.00314207 0.887755 0.210004 6.46453 0.0649621
1  -0.217964   0.164536 -0.0856151    1.85299    1.82647   0.524786 0.00293322 0.89916 0.462882 10.8384 0.00652721
0  -0.219583   0.166727 -0.0821705    1.87433    1.85678   0.479415 0.00319232 0.894958 0.340483 5.61775 0.0411427
1  -0.215782   0.165727 -0.0886766    1.84637    1.81742   0.528537 0.00323744 0.896759 0.347375 6.55409 0.0179321
1  -0.217777   0.164259 -0.0858753    1.84973    1.82595   0.522433 0.00297824 0.90096 0.471242 6.75561 0.00866463
0  -0.216748   0.164908 -0.0863088    1.85513    1.81102   0.528216 0.0029769 0.901561 0.428911 4.64286 0.0187153
0  -0.216986     0.1619 -0.0882488    1.82588     1.8113   0.548543 0.00299398 0.901561 0.292964 4.26006 0.0399378
1  -0.217476   0.164233 -0.0861949     1.8499    1.81928   0.535515 0.00297269 0.901561 0.40355 5.61466 0.0166573
1  -0.217911   0.164739 -0.0855316    1.85478    1.82516   0.523922 0.00292433 0.89916 0.40977 6.55427 0.00641352
0  -0.220216   0.169647 -0.0795651    1.90045    1.86507   0.463787 0.00315669 0.889556 0.429871 5.83128 0.0660702
0  -0.220794   0.161872 -0.0845221    1.82855    1.86518   0.525236 0.00323107 0.893157 0.413892 5.05729 0.0323717
1  -0.218556   0.164318 -0.0853951     1.8511    1.83219   0.529473 0.00293671 0.89916 0.506755 10.4129 0.00780317
1  -0.217309   0.164425 -0.0863134    1.85196    1.81576   0.532442 0.00296617 0.901561 0.360621 4.44225 0.0170394
0  -0.212305   0.157606 -0.0944459    1.78717    1.74446   0.628186 0.00366739 0.882353 0.377427 17.933 0.129702
0  -0.216606   0.166329 -0.0854595     1.8707    1.80446   0.533766 0.00304244 0.896158 0.465534 4.6586 0.0248011
0 -0.0936479 -0.0495706  -0.137159   -0.67494   0.479061   -1.82525 0.0059609 0.363145 -0.0947378 5.3817 3.01932
0  -0.218247   0.162135 -0.0873841    1.83039     1.8273   0.541144 0.00302776 0.901561 0.372638 5.29677 0.0274664
0  -0.219574   0.169813 -0.0795414     1.9032    1.86021   0.461069 0.00327328 0.890756 0.141609 5.14983 0.066559
0  -0.217161   0.160608 -0.0889185    1.81436    1.81363   0.553792 0.00314052 0.903962 0.435586 4.68324 0.0484658
0    -0.2197   0.164045 -0.0843078    1.84894    1.85166   0.516394 0.00301806 0.894958 0.445926 6.68512 0.0169972
1  -0.216951   0.164918 -0.0862023    1.85525    1.81341   0.527736 0.00296758 0.901561 0.474148 12.7802 0.0166085
0  -0.217396   0.162969 -0.0870493    1.83744     1.8186   0.536548 0.00299354 0.902761 0.490093 5.41056 0.0245897
0 -0.192735 -0.119299 -0.128445  -1.39333   1.43532 -0.998184 0.00556432 0.565426 -0.204561 4.73066 3.07823
0   -0.21844   0.163075 -0.0864639    1.84018    1.82851   0.534264 0.00301507 0.903962 0.354261 4.53775 0.0175739
