0.013821    11.393 11.4068
0.0135795    5.56529 5.57887
0.0137679    10.1576 10.1713
0.0138961    5.87189 5.88578
0.015276    9.36083 9.3761
0.0137483    6.54054 6.55429
0.0138271    12.2227 12.2365
0.0136191    6.07831 6.09193
0.0135988    10.299 10.3126
0.013819    5.61832 5.63213
0.0143266    11.3625 11.3769
0.0136181    13.1724 13.186
0.0137672    11.7195 11.7333
0.0137653    7.81582 7.82958
0.0138493    6.31966 6.3335
0.0137757    6.52373 6.5375
0.0137709    6.02212 6.03589
0.0137747    7.58892 7.60269
0.0135992    8.52535 8.53895
0.0169344    13.3157 13.3326
0.0147633    6.15582 6.17058
0.0136442    7.26851 7.28215
0.0137761    5.57498 5.58876
0.0135949    6.57643 6.59003
0.013696    11.0983 11.112
0.0138634    8.36682 8.38068
0.0137612    11.8027 11.8165
0.0136578    6.53198 6.54564
0.0135317    6.29423 6.30776
0.0138664    13.4768 13.4906
0.0135081    7.70887 7.72238
0.0136599    5.60341 5.61707
0.0139647    6.31534 6.32931
0.0137685    5.63053 5.6443
0.0134618    6.96875 6.98221
0.0137003    5.59738 5.61108
0.0144532    7.49041 7.50486
0.013548    7.02403 7.03758
0.0135812    5.6661 5.67968
0.0133408    5.37341 5.38675
0.013724    5.60486 5.61859
0.0135791    5.78292 5.7965
0.0136614    6.23365 6.24731
0.0135874    7.35013 7.36371
0.0139179    9.34848 9.36239
0.0134383    6.38453 6.39797
0.0138352    8.86315 8.87698
0.0139295    7.68112 7.69505
0.0134306    7.40592 7.41935
0.0136051    5.95602 5.96963
0.0138151    7.33997 7.35378
0.0135262    12.5978 12.6113
0.0135567    6.64469 6.65824
0.0134971    12.5504 12.5639
0.0134419    6.50115 6.51459
0.014532    14.7981 14.8126
0.0137275    14.8688 14.8825
0.0135046    12.3197 12.3332
0.0136743    7.57034 7.58401
0.0135938    5.68948 5.70308
0.0134312    20.9259 20.9393
0.0134925    14.1962 14.2097
0.0135064    6.26977 6.28328
0.0135165    13.7342 13.7477
0.0134967    6.59597 6.60947
0.0149871    8.06682 8.0818
0.0136155    11.6996 11.7132
0.0136919    5.66223 5.67592
0.0138557    8.4828 8.49666
0.0134647    5.52456 5.53802
0.0136847    19.6913 19.705
0.0138449    24.7889 24.8027
0.0157598    8.09335 8.10911
0.0164232    7.5377 7.55413
0.0136052    5.94888 5.96248
0.0137822    6.41619 6.42998
0.0134429    7.90461 7.91805
0.013718    6.35048 6.3642
0.0136892    6.9368 6.95049
0.0147809    14.8118 14.8266
0.0159169    11.4391 11.455
0.0136789    5.64008 5.65376
0.0135015    20.7033 20.7168
0.0137582    7.75309 7.76685
0.0148454    14.6646 14.6794
0.0135829    7.7344 7.74799
0.0137639    12.2064 12.2201
0.0136253    6.88138 6.895
0.014099    8.0132 8.0273
0.0134616    8.10649 8.11995
0.0136712    5.78655 5.80023
0.0133696    5.30046 5.31383
0.0140749    6.7174 6.73148
0.0148023    7.86434 7.87914
0.0137037    7.22684 7.24054
0.0135033    6.14137 6.15487
0.0137148    11.8895 11.9032
0.0136942    5.49338 5.50707
0.0144563    19.5319 19.5463
0.0140079    5.6694 5.68341
0.0136082    6.60573 6.61934
0.0135196    6.56875 6.58227
0.0135773    6.23709 6.25067
0.0135771    5.79978 5.81336
0.0157736    8.00728 8.02305
0.0135235    14.4031 14.4167
0.0136404    6.51426 6.5279
0.0137989    5.90904 5.92284
0.0138014    5.55664 5.57044
