1  -0.512934   0.149383 -0.0729277  -0.129642     2.5451   -1.83396 0.00197835 0.991968 0.492242 4.91044 0.0629988
1  -0.515934   0.134692 -0.0626686  -0.214331    2.54377   -1.78535 0.00204301 0.995984 0.298212 2.3018 0.00416207
1  -0.514444   0.143348 -0.0678274  -0.161933    2.54813   -1.80688 0.00193629 0.994645 0.142202 4.82392 0.034516
1   -0.51624   0.135198 -0.0625105   -0.20981    2.54762   -1.78325 0.00202797 0.994645 0.510511 3.06882 0.00237193
1  -0.514728   0.142874 -0.0670955  -0.163986    2.55019   -1.80285 0.00193119 0.994645 0.393299 5.81808 0.0323097
1  -0.516148    0.13512 -0.0627114   -0.21023    2.54662   -1.78406 0.00202812 0.994645 0.358198 3.90387 0.00181572
1  -0.515963   0.136401 -0.0636425  -0.202004    2.54722   -1.78877 0.00204549 0.993307 0.586818 5.96144 0.00509711
1  -0.514444   0.143348 -0.0678274  -0.161933    2.54813   -1.80688 0.0019363 0.994645 0.536308 4.04784 0.0345161
1  -0.515966   0.134939 -0.0626396  -0.213382    2.54408   -1.78578 0.00203543 0.995984 0.156387 3.6792 0.0033997
1  -0.514499   0.143211 -0.0677149  -0.161619    2.54895   -1.80477 0.00194098 0.994645 0.489434 4.5366 0.034058
1  -0.514644    0.14298 -0.0675004  -0.162529    2.54982    -1.8035 0.00194544 0.994645 0.523665 4.13892 0.0332613
1  -0.516078   0.136277 -0.0634334  -0.201934    2.54837   -1.78691 0.00205298 0.993307 0.468595 3.70186 0.00502322
1  -0.513658   0.144437 -0.0692007   -0.15757    2.54317    -1.8142 0.00197515 0.997323 0.427814 4.09029 0.0391704
1  -0.515959   0.139873 -0.0649074  -0.177079    2.55666   -1.78845 0.00200229 0.994645 0.603814 3.87261 0.0227314
1  -0.515872   0.137942 -0.0651105  -0.198032    2.54588   -1.80077 0.00196776 0.994645 0.396703 2.28557 0.0135091
1 -0.513531  0.144842 -0.069517 -0.155742   2.54247  -1.81624 0.00197434 0.997323 0.433892 1.96432 0.0409556
1  -0.514448   0.143343 -0.0678264  -0.161982    2.54813   -1.80687 0.00193554 0.994645 0.419198 2.24273 0.0344834
1  -0.514499   0.143211 -0.0677149  -0.161619    2.54895   -1.80477 0.00194097 0.994645 0.456154 6.07408 0.034058
1  -0.513121   0.145506 -0.0697577  -0.153972    2.54002   -1.81874 0.00193262 0.997323 0.498312 4.17536 0.0428265
1  -0.513163   0.145398 -0.0696777  -0.154366     2.5403   -1.81814 0.00193312 0.997323 0.364289 1.50728 0.042371
1  -0.513142   0.145518 -0.0697516  -0.153792    2.54028   -1.81864 0.00193716 0.997323 0.264131 2.27661 0.0428955
1  -0.514912   0.142581 -0.0667495  -0.165158    2.55136   -1.80064 0.00193174 0.994645 0.354829 1.915 0.0311673
1  -0.514804   0.142786 -0.0669823  -0.164304    2.55063    -1.8022 0.00193173 0.994645 0.347178 2.07537 0.0320018
1 -0.514825  0.142874 -0.067009 -0.163163   2.55139  -1.80149 0.00194023 0.994645 0.610026 3.59884 0.0325901
1  -0.512697    0.14998 -0.0732629   -0.12838    2.54322    -1.8379 0.001953 0.991968 0.402951 2.38643 0.0652618
1  -0.514444   0.143348 -0.0678274  -0.161933    2.54813   -1.80688 0.0019363 0.994645 0.556441 4.99757 0.034516
1  -0.515393   0.137748 -0.0646396  -0.197598    2.54362   -1.79635 0.00199415 0.993307 0.163954 3.33928 0.0104757
1  -0.514011   0.144227 -0.0684474  -0.157832    2.54619   -1.81006 0.00197 0.997323 0.401285 4.47533 0.0377287
1   -0.51469   0.143129 -0.0672171  -0.162895    2.55001   -1.80375 0.00192428 0.994645 0.46421 4.47488 0.0332154
1   -0.51284   0.149446 -0.0730785  -0.129661    2.54425   -1.83513 0.00197627 0.991968 0.570398 7.16078 0.0634053
1  -0.515161   0.137475 -0.0649012  -0.198226     2.5419   -1.79585 0.0020209 0.994645 0.524475 5.24246 0.00995129
1  -0.513531   0.144842 -0.0695171  -0.155742    2.54247   -1.81624 0.00197435 0.997323 0.575732 4.20617 0.0409557
1  -0.516161   0.135105 -0.0627027  -0.210338    2.54661   -1.78412 0.00202816 0.994645 0.373298 1.91192 0.00181305
1  -0.515437   0.137699 -0.0645502  -0.197299    2.54422   -1.79513 0.00199633 0.993307 0.156622 4.45916 0.00999221
1   -0.51559    0.13748 -0.0643374  -0.197495    2.54547   -1.79303 0.00200366 0.993307 0.547068 4.50006 0.00897719
1 -0.516084  0.134995 -0.062533 -0.212245   2.54536  -1.78457 0.0020357 0.995984 0.546389 3.84281 0.0026402
1  -0.514616   0.143002 -0.0675344  -0.162396     2.5497   -1.80356 0.00194524 0.994645 0.330675 2.15268 0.0333345
1  -0.514445   0.143405 -0.0676147  -0.162368    2.54799   -1.80665 0.00191569 0.994645 0.4164 1.97166 0.0341802
1  -0.514792   0.142891 -0.0670361  -0.163662    2.55078   -1.80232 0.00193196 0.994645 0.385778 4.70023 0.0324447
0   0.49532  0.150195 -0.147386  0.124282  -2.52241   1.86643 0.00198982 0.998661 0.298003 2.6424 0.0815892
1  -0.514644    0.14298 -0.0675005  -0.162529    2.54982    -1.8035 0.00194544 0.994645 0.410804 6.7968 0.0332613
1  -0.514507   0.143177 -0.0677081  -0.161737    2.54899   -1.80456 0.00193986 0.994645 0.597067 5.25286 0.0339194
1  -0.515186   0.137474 -0.0648487  -0.198189    2.54223   -1.79546 0.00201988 0.994645 0.464689 6.93997 0.00974392
1  -0.515765   0.140111 -0.0652767  -0.177094    2.55466   -1.79174 0.00198632 0.994645 0.564106 4.30264 0.0226431
1  -0.513531   0.144842 -0.0695171  -0.155742    2.54247   -1.81624 0.00197434 0.997323 0.547494 4.50586 0.0409557
1  -0.514499   0.143211 -0.0677149  -0.161619    2.54895   -1.80477 0.00194097 0.994645 0.436025 4.6018 0.034058
1  -0.514517   0.143261 -0.0674554   -0.16241    2.54888   -1.80487 0.00192089 0.994645 0.498384 2.04749 0.0336565
1  -0.514616   0.143002 -0.0675344  -0.162396     2.5497   -1.80356 0.00194524 0.994645 0.386469 3.99815 0.0333345
1 -0.515165  0.137469 -0.064896 -0.198265   2.54192  -1.79581 0.00202043 0.994645 0.564222 3.63247 0.00991303
1  -0.514955   0.142492 -0.0667016  -0.165643    2.55148   -1.80039 0.00192988 0.994645 0.497957 1.97678 0.0308316
1  -0.516061   0.136341 -0.0634691  -0.201637    2.54833   -1.78711 0.00205034 0.993307 0.481229 4.5617 0.00521813
1  -0.514863   0.142787 -0.0669237  -0.164343    2.55098   -1.80212 0.0019321 0.994645 0.367692 4.3646 0.032037
1  -0.513531   0.144842 -0.0695171  -0.155742    2.54247   -1.81624 0.00197434 0.997323 0.284481 4.24937 0.0409557
1  -0.513142   0.145518 -0.0697516  -0.153792    2.54028   -1.81864 0.00193716 0.997323 0.334198 2.06042 0.0428956
1  -0.512917   0.149389 -0.0729583  -0.129528    2.54497     -1.834 0.00197891 0.991968 0.479206 7.52886 0.0630535
1  -0.515111   0.137424 -0.0649273  -0.198664    2.54157   -1.79588 0.00202025 0.994645 0.441566 4.79017 0.00982323
1  -0.512917   0.149389 -0.0729583  -0.129528    2.54497     -1.834 0.00197891 0.991968 0.288273 1.83775 0.0630535
1   -0.51281   0.149836 -0.0730495  -0.128263    2.54452   -1.83579 0.00196156 0.991968 0.487194 4.83046 0.0645004
1  -0.514644    0.14298 -0.0675005  -0.162529    2.54982    -1.8035 0.00194544 0.994645 0.486377 5.11139 0.0332613
1  -0.514444   0.143348 -0.0678274  -0.161933    2.54813   -1.80688 0.0019363 0.994645 0.512879 4.80182 0.034516
1  -0.514616   0.143002 -0.0675344  -0.162396     2.5497   -1.80356 0.00194525 0.994645 0.543807 6.88071 0.0333345
1  -0.514644    0.14298 -0.0675005  -0.162529    2.54982    -1.8035 0.00194544 0.994645 0.570685 7.7663 0.0332613
1  -0.516237   0.136458 -0.0631424  -0.201973    2.54937   -1.78743 0.0020497 0.993307 0.0613215 1.89825 0.00564833
1  -0.515811   0.135081 -0.0631236   -0.21121    2.54365   -1.78634 0.00202118 0.994645 0.341208 5.37153 0.00255473
1  -0.514644    0.14298 -0.0675005  -0.162529    2.54982    -1.8035 0.00194543 0.994645 0.550062 3.94939 0.0332613
1   -0.51518   0.138198 -0.0660693   -0.19825    2.54032   -1.80621 0.00197586 0.995984 0.559101 4.53968 0.0164632
1  -0.515129   0.137452 -0.0649267  -0.198251    2.54172   -1.79575 0.0020221 0.994645 0.556389 7.58848 0.00990769
1  -0.514955   0.142492 -0.0667016  -0.165643    2.55148   -1.80039 0.00192988 0.994645 0.328925 3.7719 0.0308316
1  -0.515934   0.134692 -0.0626686  -0.214331    2.54377   -1.78535 0.00204301 0.995984 0.433238 1.97645 0.00416207
1 -0.513531  0.144842 -0.069517 -0.155742   2.54247  -1.81624 0.00197434 0.997323 0.579428 5.72226 0.0409556
1   -0.51284   0.149446 -0.0730785  -0.129661    2.54425   -1.83513 0.00197629 0.991968 0.324588 5.0696 0.0634053
1   -0.51284   0.149446 -0.0730785  -0.129661    2.54425   -1.83513 0.00197628 0.991968 0.447698 2.26398 0.0634053
1  -0.516206   0.138795 -0.0640799  -0.185997    2.55483   -1.78836 0.00202899 0.994645 0.341379 2.19387 0.0169725
1  -0.513482   0.144787 -0.0693545  -0.156282    2.54227   -1.81527 0.00195512 0.997323 0.388483 4.80349 0.0402418
1  -0.514644    0.14298 -0.0675004  -0.162529    2.54982    -1.8035 0.00194544 0.994645 0.490626 4.96673 0.0332613
1  -0.515157   0.137439 -0.0648901  -0.198295    2.54192   -1.79555 0.00202148 0.994645 0.441776 6.19236 0.00976766
1   -0.51557    0.13865 -0.0648515  -0.188003    2.54904   -1.79263 0.00201521 0.993307 0.466521 4.07717 0.0148263
1  -0.512889   0.149811 -0.0729531  -0.128396    2.54497   -1.83548 0.00196094 0.991968 0.476116 3.78869 0.0643618
1  -0.515588   0.137677 -0.0643483  -0.196892    2.54546   -1.79394 0.00200077 0.993307 0.488097 1.99707 0.00972652
1  -0.514644    0.14298 -0.0675004  -0.162529    2.54982    -1.8035 0.00194544 0.994645 0.501452 8.05532 0.0332613
1  -0.516277   0.136342 -0.0630596  -0.202559    2.54954   -1.78688 0.00205088 0.993307 0.338231 1.9937 0.00531214
1  -0.516052   0.135013 -0.0626149  -0.212477    2.54486   -1.78539 0.00203363 0.995984 0.583974 4.71916 0.00265705
1  -0.513302   0.145196 -0.0698911  -0.155006    2.54074   -1.81928 0.00196563 0.997323 0.363052 2.02909 0.0425458
1  -0.514322   0.138129 -0.0660631  -0.196592    2.53618     -1.802 0.00200365 0.994645 0.406781 7.00456 0.0148988
1  -0.516028   0.134885 -0.0625263  -0.213423    2.54462   -1.78506 0.00203819 0.995984 0.41456 3.8558 0.0033634
1  -0.515634   0.137322 -0.0643326  -0.197606    2.54582   -1.79218 0.00200999 0.993307 0.482443 4.47426 0.00857593
1 -0.516062  0.136341 -0.063469 -0.201637   2.54833  -1.78711 0.00205034 0.993307 0.539739 4.26899 0.00521815
1 -0.514536  0.143305 -0.067451 -0.162296   2.54895  -1.80507 0.00191935 0.994645 0.498923 6.08143 0.0338091
1  -0.512917   0.149389 -0.0729583  -0.129528    2.54497     -1.834 0.00197891 0.991968 0.386841 2.08743 0.0630535
1  -0.514955   0.142492 -0.0667016  -0.165643    2.55148   -1.80039 0.00192988 0.994645 0.404636 4.23267 0.0308317
1  -0.513482   0.144787 -0.0693545  -0.156282    2.54227   -1.81527 0.00195512 0.997323 0.377494 1.9364 0.0402418
1   -0.51592   0.134781 -0.0627193  -0.213775    2.54379   -1.78542 0.00203898 0.995984 0.499958 4.11723 0.00384206
1  -0.516337    0.13826 -0.0639417  -0.188275    2.55504   -1.78702 0.00204576 0.994645 0.473607 2.38173 0.0155588
1  -0.516334   0.136295 -0.0629969  -0.201501    2.55054   -1.78495 0.00205805 0.993307 0.347074 2.2159 0.00611051
1  -0.514644    0.14298 -0.0675004  -0.162529    2.54982    -1.8035 0.00194544 0.994645 0.30044 3.56144 0.0332613
1  -0.516058   0.135016 -0.0625961  -0.212468    2.54492    -1.7853 0.00203366 0.995984 0.468925 7.2945 0.00265353
1  -0.515182   0.138249 -0.0660516  -0.197751    2.54058   -1.80592 0.0019576 0.994645 0.429217 6.68525 0.0164006
1  -0.516185   0.135236 -0.0625353  -0.210352     2.5469   -1.78425 0.00202182 0.994645 0.282668 1.78841 0.00176108
1  -0.512917   0.149389 -0.0729583  -0.129528    2.54497     -1.834 0.0019789 0.991968 0.408832 2.2904 0.0630535
1  -0.514444   0.143348 -0.0678274  -0.161933    2.54813   -1.80688 0.0019363 0.994645 0.380874 2.34903 0.034516
1 -0.516103  0.135298 -0.062687 -0.210621   2.54595  -1.78574 0.00201883 0.994645 0.480086 8.59269 0.00120642
1 -0.516103  0.135298 -0.062687 -0.210621   2.54595  -1.78574 0.00201883 0.994645 0.480405 5.51473 0.00120644
1  -0.515318   0.137719 -0.0646792   -0.19727     2.5431   -1.79588 0.00201742 0.994645 0.397108 2.66051 0.0103471
1  -0.514819    0.14285 -0.0669855  -0.163946    2.55085   -1.80225 0.00193228 0.994645 0.375039 5.34637 0.0322765
1  -0.514517   0.143261 -0.0674554   -0.16241    2.54888   -1.80487 0.00192089 0.994645 0.375987 2.36135 0.0336565
1  -0.515384   0.137739 -0.0646496  -0.197106    2.54365    -1.7957 0.00199533 0.993307 0.21429 2.05002 0.0103393
1  -0.515846   0.135224 -0.0631354  -0.210542    2.54415    -1.7867 0.00202308 0.994645 0.584859 7.32802 0.00190351
1  -0.514539   0.143115 -0.0676393  -0.161964    2.54924   -1.80426 0.00194421 0.994645 0.514194 4.46931 0.0337349
1  -0.516145   0.135303 -0.0628831  -0.208777    2.54659   -1.78502 0.00202206 0.993307 0.468257 4.97971 0.000935867
1  -0.513046   0.145505 -0.0698598  -0.153146    2.54029   -1.81788 0.00194865 0.997323 0.358855 2.09721 0.0429034
1  -0.514644    0.14298 -0.0675004  -0.162529    2.54982    -1.8035 0.00194544 0.994645 0.61072 4.99203 0.0332613
1  -0.514644    0.14298 -0.0675004  -0.162529    2.54982    -1.8035 0.00194544 0.994645 0.549163 4.20312 0.0332613
1   -0.51284   0.149446 -0.0730785  -0.129661    2.54425   -1.83513 0.00197628 0.991968 0.504943 5.64868 0.0634053
1  -0.514478   0.143308 -0.0675486   -0.16268    2.54826   -1.80608 0.00191856 0.994645 0.35547 1.48164 0.0338388
1  -0.515092   0.137485 -0.0649769  -0.198546    2.54136   -1.79642 0.00201766 0.994645 0.51509 5.74789 0.0101751
1  -0.514616   0.143002 -0.0675344  -0.162396     2.5497   -1.80356 0.00194525 0.994645 0.426276 2.20672 0.0333345
1  -0.512917   0.149389 -0.0729583  -0.129528    2.54497     -1.834 0.00197891 0.991968 0.474972 4.50567 0.0630535
