1  -0.513494   0.148975 -0.0716303  -0.127887    2.55304   -1.82134 0.00203745 0.993307 0.477073 4.89304 0.0600528
1   -0.51879   0.130566 -0.0562899  -0.220024    2.57391   -1.73383 0.00233425 0.995984 0.198169 2.23948 0.0410926
1  -0.513895   0.144139 -0.0688057  -0.159519    2.54362   -1.81386 0.00192718 0.994645 0.146237 4.80187 0.0380289
1  -0.516495   0.135467 -0.0623242  -0.207403    2.54995   -1.78203 0.0020194 0.993307 0.512578 3.0266 0.00408109
1  -0.514658   0.142742 -0.0672455  -0.165411    2.54903   -1.80467 0.00193788 0.994645 0.391197 5.80779 0.0319149
1  -0.516207   0.135311 -0.0627337   -0.20957    2.54685   -1.78482 0.0020209 0.994645 0.360481 3.89067 0.0012054
1  -0.516084   0.136461 -0.0633421  -0.201442     2.5489   -1.78674 0.0020421 0.993307 0.587502 5.93789 0.00550957
1  -0.513845   0.145193 -0.0692944  -0.156388    2.54291   -1.81953 0.0019539 0.997323 0.532094 3.95316 0.042208
1  -0.514636   0.135751 -0.0648426  -0.212992    2.53219    -1.8005 0.00204497 0.997323 0.152435 3.65092 0.0138985
1  -0.514156   0.143802 -0.0682205  -0.159737    2.54666   -1.80825 0.00192204 0.994645 0.494415 4.51768 0.0360249
1  -0.514995   0.142875 -0.0667405  -0.160819    2.55449   -1.79696 0.00196623 0.994645 0.518575 4.12451 0.0334164
1  -0.517206   0.135534 -0.0608667  -0.196758    2.56336   -1.76477 0.00212918 0.98929 0.44887 3.66084 0.0203807
1 -0.513256  0.145239 -0.069189  -0.15023    2.5464  -1.80645 0.00200483 0.997323 0.419216 4.05551 0.0408813
1  -0.516262   0.139261 -0.0642094  -0.178119    2.56016   -1.78211 0.00204615 0.994645 0.595137 3.85834 0.0229768
1 -0.518276  0.135599 -0.060634 -0.199921   2.57001  -1.76524 0.00213231 0.994645 0.346254 2.26879 0.0228858
1  -0.512855   0.146364 -0.0707473  -0.148244    2.53942   -1.82373 0.00199068 0.995984 0.429207 1.89605 0.0479662
1 -0.513553  0.143988 -0.067992 -0.148254    2.5524  -1.78805 0.00208595 0.997323 0.374063 2.21451 0.0394234
1  -0.514416   0.143312 -0.0678937  -0.161771    2.54783    -1.8066 0.00193442 0.994645 0.457989 6.06646 0.0344378
1 -0.511183  0.146113 -0.073617 -0.162571   2.51727  -1.85054 0.00189929 0.997323 0.506964 4.12735 0.0570502
1  -0.513224   0.145166 -0.0695406  -0.156673    2.54008   -1.81777 0.00191407 0.997323 0.370554 1.48188 0.0410021
1 -0.512398  0.146301 -0.070853 -0.151299   2.53486  -1.82643 0.00194967 0.997323 0.259378 2.26059 0.0475079
1   -0.5153  0.142566 -0.066084 -0.165088   2.55464  -1.79786 0.0019208 0.993307 0.358482 1.90161 0.0312687
1 -0.515573  0.141934 -0.065595 -0.165117   2.55808  -1.79048 0.00194054 0.993307 0.3442 2.04234 0.0305823
1  -0.514736   0.143141 -0.0668837   -0.15814    2.55386   -1.79645 0.00199757 0.994645 0.598502 3.57551 0.0347273
0  0.497793  0.148933 -0.144122  0.122074  -2.54184   1.84142 0.00201479 0.997323 0.38406 2.36447 0.0703831
1  -0.514266   0.143668 -0.0681026  -0.161162    2.54658   -1.80971 0.00193197 0.994645 0.557433 4.98718 0.0358026
1  -0.516166   0.137598 -0.0633757  -0.197255    2.55051   -1.78962 0.00203071 0.994645 0.148624 3.31625 0.00935905
1  -0.513491   0.144593 -0.0693711  -0.158055    2.54086    -1.8175 0.00196005 0.997323 0.404309 4.46246 0.0401535
1  -0.514757    0.14328 -0.0669734  -0.159813    2.55276   -1.80051 0.00197861 0.994645 0.449085 4.43708 0.0345636
1  -0.510957    0.15107 -0.0763048  -0.128649    2.52684   -1.86033 0.00195605 0.991968 0.574793 7.1351 0.0754196
1  -0.515487   0.137613 -0.0642961  -0.197249    2.54533    -1.7933 0.00202908 0.994645 0.522548 5.22832 0.00922992
1 -0.512729   0.14622 -0.071069 -0.151455   2.53595  -1.82857 0.00198044 0.997323 0.574424 4.14909 0.0484612
1  -0.516243   0.135127 -0.0625205  -0.209477     2.5478   -1.78244 0.0020345 0.994645 0.371342 1.89935 0.00289852
1  -0.515784   0.137523 -0.0638954   -0.19653    2.54821   -1.78959 0.00202684 0.994645 0.14373 4.44405 0.00879305
1  -0.515726   0.137812 -0.0643178  -0.197033    2.54575   -1.79539 0.00199144 0.993307 0.549829 4.48566 0.0104749
1  -0.516203   0.134944 -0.0622742  -0.211895    2.54677   -1.78288 0.00204623 0.995984 0.544043 3.83292 0.00312114
1  -0.516122    0.14178 -0.0650128  -0.164573    2.56253   -1.78685 0.00198914 0.994645 0.31557 2.1288 0.0320248
1  -0.513794   0.143881 -0.0685851  -0.161135    2.54314   -1.81258 0.00191799 0.994645 0.415699 1.95054 0.0365685
1  -0.516081   0.141661 -0.0650067  -0.165567    2.56168   -1.78741 0.0019632 0.993307 0.375845 4.66298 0.0311922
0  0.495261  0.150136 -0.147433  0.123953  -2.52214   1.86674 0.00198994 0.998661 0.29796 2.63226 0.0819366
1  -0.515636   0.141835 -0.0657035  -0.168779    2.55613   -1.79617 0.00193925 0.993307 0.412678 6.75546 0.0291467
1  -0.514523   0.143434 -0.0678076  -0.161199    2.54856   -1.80623 0.00192653 0.994645 0.599836 5.2382 0.0347611
1  -0.514936   0.138246 -0.0654316  -0.195503     2.5405   -1.80037 0.00198119 0.993307 0.474942 6.90026 0.0136288
1  -0.515837    0.13961 -0.0651112  -0.179687    2.55453   -1.79043 0.00200599 0.994645 0.559789 4.28604 0.020795
1  -0.513106   0.145617 -0.0702986  -0.154282    2.53811   -1.82407 0.0019573 0.997323 0.5514 4.49345 0.0449827
1 -0.514545  0.143449  -0.06768 -0.161175   2.54907  -1.80639 0.00194183 0.994645 0.435777 4.58714 0.0349398
1 -0.514362  0.143168 -0.067621 -0.163003   2.54765  -1.80581 0.00193039 0.994645 0.495902 2.03319 0.0334335
1  -0.514849   0.142036 -0.0670612  -0.167325    2.55024   -1.80066 0.00194826 0.994645 0.385517 3.96554 0.0296171
1  -0.514595   0.138088 -0.0660045  -0.196969    2.53645   -1.80313 0.00199303 0.994645 0.570132 3.61651 0.015255
1   -0.51536   0.142161 -0.0662499  -0.167212    2.55362   -1.79763 0.00191058 0.994645 0.502976 1.95753 0.0296435
1  -0.518982   0.133042 -0.0587693  -0.208049    2.57274   -1.75253 0.00217725 0.98929 0.449117 4.53137 0.029236
1  -0.515106   0.142646 -0.0666145  -0.165037    2.55251   -1.80058 0.00192636 0.994645 0.369571 4.35297 0.031516
1  -0.512696   0.145677 -0.0709404  -0.155792    2.53428   -1.82958 0.00196897 0.997323 0.286428 4.23138 0.0468669
1  -0.512408   0.146437 -0.0713118   -0.15555    2.53106   -1.83672 0.00195183 0.997323 0.329154 2.03798 0.050825
1  -0.512877   0.151741 -0.0718711  -0.106155    2.55539   -1.81949 0.00228016 0.995984 0.399925 7.48473 0.0723344
1  -0.514864   0.137591 -0.0655467  -0.201907    2.53682   -1.80591 0.002038 0.994645 0.43666 4.77809 0.0156204
0  0.498808  0.148182 -0.142216  0.123159  -2.55204    1.8244 0.00215718 0.995984 0.224156 1.81369 0.0654448
1   -0.51202   0.150353 -0.0738503  -0.123937    2.54164   -1.83581 0.00202216 0.994645 0.471352 4.80429 0.0663346
1  -0.514677   0.143068 -0.0673909   -0.16158    2.55062   -1.80263 0.00195431 0.994645 0.484035 5.09938 0.0336851
1  -0.513612   0.144372 -0.0695756  -0.162438    2.53805   -1.82511 0.00195443 0.994645 0.508318 4.78039 0.0415815
1  -0.515377   0.141861 -0.0662352  -0.163893    2.55686   -1.79141 0.00197782 0.993307 0.536168 6.85881 0.0310234
1  -0.515845   0.142329 -0.0654184  -0.161319    2.56157   -1.78711 0.00196576 0.994645 0.566201 7.752 0.0335474
1  -0.517494   0.135657 -0.0603016  -0.194919    2.56676   -1.75974 0.00215202 0.991968 0.0144636 1.85618 0.0246027
1 -0.514786  0.136242 -0.064685 -0.208265    2.5356  -1.79729 0.00202108 0.995984 0.341239 5.34792 0.0104299
1  -0.515595     0.1421 -0.0657802  -0.163044    2.55896   -1.79048 0.00198996 0.994645 0.539764 3.93065 0.0320859
1 -0.513369  0.139916 -0.069136 -0.195385   2.52419  -1.82817 0.00193852 0.995984 0.567434 4.52018 0.0335504
1  -0.514912   0.137534 -0.0651808  -0.197459    2.54052   -1.79604 0.00202484 0.994645 0.555788 7.57632 0.0105881
1  -0.516436   0.140619 -0.0638826  -0.170368    2.56489   -1.78044 0.0019998 0.993307 0.304611 3.72586 0.0293302
1    -0.5161   0.133811 -0.0619942  -0.217123    2.54619   -1.77935 0.00207065 0.994645 0.425568 1.93894 0.00749966
1  -0.512113   0.147163 -0.0717399   -0.14548    2.53467   -1.82955 0.00199778 0.997323 0.574434 5.6529 0.0518636
1   -0.51364   0.149484 -0.0706955  -0.124023     2.5583   -1.81534 0.00212084 0.994645 0.275187 5.04755 0.0613791
1  -0.512851   0.149273 -0.0728217  -0.130013    2.54551   -1.83299 0.00199919 0.991968 0.441295 2.25 0.0624245
1  -0.517744   0.137513 -0.0609962  -0.181175     2.5746   -1.75824 0.00214034 0.993307 0.305236 2.15801 0.0327996
1  -0.512045   0.145552 -0.0712491   -0.15269    2.53316   -1.82255 0.00195927 0.997323 0.387186 4.78177 0.0450516
1  -0.515896   0.140447 -0.0651092  -0.174769    2.55686   -1.79103 0.00197273 0.993307 0.483482 4.90713 0.0246493
1  -0.515684   0.137298 -0.0642245  -0.201308    2.54383    -1.7971 0.00202698 0.994645 0.440256 6.17548 0.00953799
1  -0.515411   0.138872 -0.0647808  -0.185649    2.54989   -1.79134 0.00205524 0.993307 0.455926 4.06226 0.0160699
1 -0.516339  0.144581 -0.066248 -0.142586   2.57352  -1.78449 0.00220933 0.991968 0.409756 3.68107 0.0487074
1  -0.515808   0.137815 -0.0640133  -0.195159    2.54854   -1.79159 0.00201232 0.993307 0.485142 1.97354 0.0103538
1 -0.515936  0.141296 -0.064852 -0.168016   2.55999   -1.7857 0.00194026 0.993307 0.502779 7.9959 0.0289176
1 -0.516255  0.137151 -0.063187 -0.197842   2.54985  -1.79101 0.00212271 0.991968 0.315052 1.93887 0.00928849
1 -0.515763  0.135346 -0.063187 -0.212109   2.54185   -1.7899 0.00202361 0.995984 0.586023 4.70943 0.00438511
1  -0.512476   0.146127 -0.0711908  -0.154252    2.53325   -1.83266 0.00199012 0.997323 0.355115 2.01479 0.0491781
1  -0.513994   0.138457 -0.0664211  -0.196491    2.53417    -1.8061 0.0020232 0.994645 0.400993 6.98315 0.01765
1  -0.516574   0.134469 -0.0614439  -0.212123    2.55102   -1.77486 0.00205638 0.995984 0.409334 3.8418 0.00878164
1  -0.516356   0.136911 -0.0633127  -0.196765    2.55226   -1.78591 0.00205442 0.991968 0.471001 4.44166 0.00952286
1  -0.516739   0.135759 -0.0624997  -0.203505    2.55324   -1.78152 0.0020679 0.993307 0.535796 4.25232 0.00718881
1  -0.514802   0.143196 -0.0670119    -0.1615    2.55205   -1.80086 0.00192674 0.994645 0.496994 6.05263 0.033523
1   -0.51323    0.14918 -0.0721714   -0.12766    2.55002   -1.82649 0.00203171 0.991968 0.37048 2.07744 0.0616102
1  -0.515723   0.141356 -0.0654627  -0.169066     2.5572   -1.79078 0.00192756 0.993307 0.405352 4.19454 0.0280102
1  -0.511543   0.144076 -0.0704374   -0.14735    2.54039   -1.79714 0.00223971 0.994645 0.286883 1.91074 0.0404785
1 -0.516051  0.134717 -0.062428 -0.213235   2.54548  -1.78254 0.0020387 0.995984 0.500028 4.10676 0.00412508
1  -0.520448   0.135732 -0.0560166  -0.181429    2.60007   -1.72479 0.00239433 0.991968 0.383917 2.33637 0.0585175
1  -0.515677   0.136852 -0.0636795  -0.200537    2.54552   -1.79496 0.00217628 0.98929 0.309567 2.17367 0.00862096
1  -0.514525    0.14259 -0.0676733  -0.163653     2.5488   -1.80258 0.00195969 0.994645 0.295316 3.55101 0.0320719
1  -0.515903   0.135069 -0.0625609  -0.209848    2.54614   -1.78077 0.00204329 0.995984 0.466411 7.28255 0.00431486
1 -0.514884  0.138697 -0.066604  -0.19633    2.5378  -1.81005 0.00194516 0.994645 0.432847 6.67513 0.0195757
1  -0.516588   0.134758 -0.0615889  -0.209271     2.5527   -1.77491 0.00206458 0.994645 0.267496 1.77343 0.00890693
1  -0.513503    0.15054 -0.0705519  -0.107379    2.56438   -1.80282 0.00231876 0.995984 0.307305 2.25062 0.069319
1  -0.514846   0.144881 -0.0682907  -0.154874    2.55014   -1.81277 0.00198046 0.994645 0.366754 2.23614 0.041224
1  -0.515261    0.13615 -0.0640117  -0.208365    2.53947   -1.79412 0.00202027 0.995984 0.479717 8.56351 0.00700305
1  -0.515594   0.135792 -0.0634978  -0.208717    2.54237   -1.79034 0.00202126 0.994645 0.47978 5.49639 0.00376291
1  -0.513331   0.140169 -0.0666727  -0.176977    2.53843    -1.7938 0.00214594 0.993307 0.358702 2.62638 0.0219137
1 -0.514372  0.142539 -0.067101 -0.161886   2.55101  -1.79683 0.00198418 0.993307 0.358251 5.32742 0.0319142
1  -0.514533   0.143149 -0.0673386  -0.161652    2.54978   -1.80185 0.00192081 0.994645 0.376015 2.35138 0.0332321
1  -0.515072   0.138052 -0.0650229  -0.194829    2.54244   -1.79604 0.00199457 0.993307 0.214587 2.0374 0.0116094
1   -0.51557   0.135386 -0.0635735  -0.210516    2.54176   -1.78978 0.00202322 0.994645 0.584829 7.32055 0.00404519
1  -0.514534   0.143159 -0.0675933   -0.16127    2.54967   -1.80349 0.00195004 0.994645 0.512737 4.45891 0.0339495
1  -0.516676   0.134529 -0.0618268  -0.207955    2.55285   -1.77383 0.00208298 0.993307 0.452236 4.96036 0.00971341
1  -0.511875    0.14628 -0.0712014   -0.14583    2.53565   -1.81653 0.00198063 0.997323 0.348334 2.0783 0.0463253
1   -0.51676   0.141036 -0.0637135  -0.162772    2.57065    -1.7732 0.00201211 0.990629 0.597378 4.96869 0.0361631
1   -0.51522   0.142101 -0.0663684   -0.16671    2.55367   -1.79821 0.00194674 0.993307 0.548861 4.16808 0.0301078
0  0.494584  0.149554 -0.146707  0.120715  -2.51938   1.86408 0.00219047 0.994645 0.451289 5.61605 0.084417
1  -0.514374   0.143206 -0.0675786  -0.163108    2.54757   -1.80607 0.00192624 0.994645 0.352889 1.46678 0.0334649
1  -0.514425   0.138422 -0.0661351  -0.196707    2.53591   -1.80545 0.00199114 0.994645 0.521464 5.72053 0.0167904
1 -0.514598  0.143007 -0.067537 -0.162296   2.54969  -1.80349 0.00194721 0.994645 0.425698 2.20111 0.033363
1    -0.5127   0.149533 -0.0732228   -0.12767    2.54398   -1.83311 0.00199343 0.993307 0.47112 4.49124 0.0634378
