1  -0.512772   0.149949 -0.0731891  -0.128606    2.54346    -1.8379 0.00195122 0.991968 0.540501 0.121856 0.0651825
1  -0.515934   0.134692 -0.0626686  -0.214331    2.54377   -1.78535 0.002043 0.995984 0.298213 0.205568 0.00416208
1  -0.513531   0.144842 -0.0695171  -0.155742    2.54247   -1.81624 0.00197435 0.997323 0.125341 0.226071 0.0409557
1   -0.51477   0.143367 -0.0672945  -0.160125    2.55173   -1.80254 0.00195352 0.994645 0.52848 0.0572338 0.034762
1  -0.515943   0.134835 -0.0626433  -0.214168    2.54363     -1.786 0.00203644 0.995984 0.360235 0.20924 0.00399944
1  -0.516128   0.136168 -0.0633029  -0.202578    2.54864   -1.78643 0.00205745 0.993307 0.348917 0.336675 0.00470236
1  -0.515934   0.134692 -0.0626686  -0.214331    2.54377   -1.78535 0.002043 0.995984 0.58732 0.417234 0.00416199
1  -0.515934   0.134692 -0.0626686  -0.214331    2.54377   -1.78535 0.00204301 0.995984 0.510756 0.221503 0.00416208
1  -0.515711    0.13632 -0.0636489  -0.205419    2.54418   -1.79077 0.0020409 0.995984 0.69647 0.11036 0.00411507
1  -0.515933   0.134676 -0.0626665  -0.214337    2.54376   -1.78525 0.00204351 0.995984 0.462463 0.16084 0.00419554
1  -0.514644    0.14298 -0.0675005  -0.162529    2.54982    -1.8035 0.00194544 0.994645 0.539925 0.138361 0.0332613
1  -0.512917   0.149389 -0.0729583  -0.129528    2.54497     -1.834 0.00197891 0.991968 0.487766 0.125894 0.0630535
1  -0.514499   0.143211 -0.0677149  -0.161619    2.54895   -1.80477 0.00194097 0.994645 0.441641 0.180504 0.034058
1  -0.515933   0.134676 -0.0626665  -0.214337    2.54376   -1.78525 0.00204351 0.995984 0.595659 0.116284 0.0041956
1  -0.516206   0.138795 -0.0640799  -0.185997    2.55483   -1.78836 0.00202899 0.994645 0.377929 0.0618894 0.0169724
1  -0.512917   0.149389 -0.0729583  -0.129528    2.54497     -1.834 0.00197891 0.991968 0.432581 0.0862645 0.0630536
1  -0.512917   0.149389 -0.0729583  -0.129528    2.54497     -1.834 0.00197891 0.991968 0.406184 0.0615071 0.0630535
1  -0.516294   0.135922 -0.0627262  -0.204795    2.54922   -1.78462 0.00204269 0.993307 0.563314 0.446559 0.00382892
1  -0.516128   0.136168 -0.0633029  -0.202578    2.54864   -1.78643 0.00205744 0.993307 0.551017 0.251042 0.00470243
1  -0.515943   0.134835 -0.0626433  -0.214168    2.54363     -1.786 0.00203644 0.995984 0.330314 0.0939779 0.00399931
1  -0.514926   0.142806 -0.0667827  -0.162894    2.55244   -1.79958 0.00194148 0.994645 0.262489 0.0351007 0.0324063
1  -0.515479   0.139162 -0.0651258   -0.18722    2.54775    -1.7968 0.0020067 0.994645 0.329793 0.0438371 0.0165217
1  -0.512772   0.149949 -0.0731891  -0.128606    2.54346    -1.8379 0.00195122 0.991968 0.340591 0.0637379 0.0651825
1  -0.515943   0.134835 -0.0626432  -0.214168    2.54363     -1.786 0.00203644 0.995984 0.372008 0.204987 0.0039993
1  -0.512772   0.149949 -0.0731891  -0.128606    2.54346    -1.8379 0.00195122 0.991968 0.403494 0.0791754 0.0651825
1  -0.515934   0.134692 -0.0626686  -0.214331    2.54377   -1.78535 0.002043 0.995984 0.531998 0.211443 0.00416206
1  -0.516161   0.135105 -0.0627027  -0.210338    2.54661   -1.78412 0.00202817 0.994645 0.573676 0.107682 0.00181314
1  -0.515934   0.134692 -0.0626686  -0.214332    2.54377   -1.78535 0.002043 0.995984 0.469665 0.216469 0.00416209
0  0.498587   0.14296 -0.140645  0.079359  -2.53167   1.84279 0.00249091 0.98929 0.306441 0.122184 0.0983757
1  -0.515934   0.134692 -0.0626686  -0.214332    2.54377   -1.78535 0.00204301 0.995984 0.555891 0.351101 0.00416209
1  -0.515933   0.134676 -0.0626665  -0.214337    2.54376   -1.78525 0.00204351 0.995984 0.519153 0.142678 0.00419562
1  -0.515934   0.134692 -0.0626686  -0.214331    2.54377   -1.78535 0.00204301 0.995984 0.560978 0.223304 0.00416208
1  -0.514644    0.14298 -0.0675005  -0.162529    2.54982    -1.8035 0.00194544 0.994645 0.398859 0.0914682 0.0332613
1  -0.515946   0.139403 -0.0647106   -0.18329    2.55349    -1.7917 0.00199931 0.994645 0.155361 0.0957114 0.0187194
1  -0.513531   0.144842 -0.0695171  -0.155742    2.54247   -1.81624 0.00197434 0.997323 0.489426 0.265179 0.0409557
1   -0.51537   0.142037 -0.0661047  -0.166856    2.55456   -1.79606 0.00191705 0.993307 0.566646 0.14869 0.0296752
1  -0.515943   0.134835 -0.0626432  -0.214168    2.54363     -1.786 0.00203644 0.995984 0.546225 0.326432 0.00399932
1  -0.514644    0.14298 -0.0675005  -0.162529    2.54982    -1.8035 0.00194544 0.994645 0.330609 0.0510307 0.0332613
1  -0.516233   0.137383 -0.0631637  -0.194614    2.55214   -1.78588 0.00205877 0.991968 0.372814 0.0391179 0.010657
1  -0.514955   0.142492 -0.0667016  -0.165643    2.55148   -1.80039 0.00192988 0.994645 0.386439 0.171227 0.0308316
1  -0.510839   0.147191 -0.0740984  -0.157247     2.5163   -1.85171 0.00190429 0.998661 0.328176 0.0437312 0.0597288
1  -0.515934   0.134692 -0.0626686  -0.214331    2.54377   -1.78535 0.002043 0.995984 0.381257 0.297009 0.00416202
1  -0.515934   0.134692 -0.0626686  -0.214331    2.54377   -1.78535 0.00204301 0.995984 0.575643 0.244661 0.00416203
1 -0.516005  0.134767 -0.062553 -0.213758   2.54465  -1.78455 0.00204049 0.995984 0.464972 0.241053 0.00371097
1  -0.512917   0.149389 -0.0729583  -0.129528    2.54497     -1.834 0.00197891 0.991968 0.565732 0.150038 0.0630535
1  -0.515934   0.134692 -0.0626686  -0.214331    2.54377   -1.78535 0.00204301 0.995984 0.531757 0.134179 0.00416205
1  -0.515943   0.134835 -0.0626433  -0.214168    2.54363     -1.786 0.00203644 0.995984 0.583695 0.297449 0.00399927
1  -0.515479   0.139162 -0.0651258   -0.18722    2.54775   -1.79681 0.00200671 0.994645 0.475972 0.076987 0.0165217
1  -0.514644    0.14298 -0.0675005  -0.162529    2.54982    -1.8035 0.00194544 0.994645 0.386408 0.218999 0.0332613
1  -0.512981   0.145557 -0.0700156  -0.153801    2.53921   -1.81995 0.00194366 0.997323 0.528575 0.202621 0.0433996
1  -0.515934   0.134692 -0.0626686  -0.214331    2.54377   -1.78535 0.002043 0.995984 0.501397 0.268866 0.00416203
1  -0.515479   0.139162 -0.0651258   -0.18722    2.54775   -1.79681 0.0020067 0.994645 0.477972 0.0820178 0.0165218
1  -0.516088   0.136279 -0.0634188  -0.201908    2.54849    -1.7868 0.00205216 0.993307 0.480767 0.233199 0.0050697
1  -0.515943   0.134835 -0.0626433  -0.214168    2.54363     -1.786 0.00203644 0.995984 0.333546 0.249247 0.0039994
1  -0.512917   0.149389 -0.0729583  -0.129528    2.54497     -1.834 0.00197891 0.991968 0.282825 0.0855232 0.0630535
1 -0.516202  0.135227 -0.062595 -0.210286   2.54686  -1.78444 0.00202112 0.994645 0.632018 0.164843 0.00163071
1  -0.514912   0.142582 -0.0667495  -0.165158    2.55136   -1.80064 0.00193173 0.994645 0.336063 0.0598081 0.0311673
1  -0.515943   0.134835 -0.0626433  -0.214168    2.54363     -1.786 0.00203644 0.995984 0.506996 0.339558 0.00399939
0  0.498771  0.143324 -0.140364  0.081456  -2.53359   1.84114 0.00251125 0.98929 0.305843 0.24187 0.09635
1  -0.512917   0.149389 -0.0729583  -0.129528    2.54497     -1.834 0.00197891 0.991968 0.288274 0.0507041 0.0630535
1  -0.514627   0.143032 -0.0672049   -0.16373     2.5495   -1.80343 0.00191304 0.994645 0.499879 0.142145 0.0325226
1  -0.516046   0.139425 -0.0644203  -0.182551    2.55496    -1.7897 0.00200877 0.994645 0.120679 0.139577 0.0192288
0  0.497123  0.144027 -0.142182 0.0823735  -2.52283   1.85344 0.00245809 0.98929 0.381611 0.104559 0.100899
1  -0.515943   0.134835 -0.0626433  -0.214168    2.54363     -1.786 0.00203644 0.995984 0.543364 0.546764 0.00399939
1  -0.515934   0.134692 -0.0626686  -0.214331    2.54377   -1.78535 0.002043 0.995984 0.549155 0.395426 0.00416199
1  -0.514445   0.143405 -0.0676147  -0.162368    2.54799   -1.80665 0.00191569 0.994645 0.122696 0.0755674 0.0341803
1  -0.515934   0.134692 -0.0626686  -0.214332    2.54377   -1.78535 0.002043 0.995984 0.334094 0.412049 0.00416209
1  -0.512906   0.149423 -0.0729815  -0.129709    2.54475   -1.83464 0.00197625 0.991968 0.542936 0.132916 0.0632294
1  -0.515934   0.134692 -0.0626685  -0.214331    2.54377   -1.78535 0.002043 0.995984 0.544119 0.298331 0.00416191
1  -0.515934   0.134692 -0.0626686  -0.214331    2.54377   -1.78535 0.002043 0.995984 0.551804 0.465905 0.004162
1  -0.512772   0.149949 -0.0731891  -0.128606    2.54346    -1.8379 0.00195122 0.991968 0.321504 0.137816 0.0651826
1  -0.514644    0.14298 -0.0675004  -0.162529    2.54982    -1.8035 0.00194544 0.994645 0.460304 0.0980211 0.0332612
1  -0.515934   0.134692 -0.0626686  -0.214331    2.54377   -1.78535 0.002043 0.995984 0.564802 0.172169 0.00416206
1  -0.516005   0.134767 -0.0625531  -0.213758    2.54465   -1.78455 0.00204049 0.995984 0.619325 0.257753 0.00371088
1  -0.514499   0.143211 -0.0677149  -0.161619    2.54895   -1.80477 0.00194098 0.994645 0.457564 0.0975314 0.034058
1  -0.513637   0.144967 -0.0689831  -0.154933    2.54432   -1.81318 0.00195603 0.997323 0.365062 0.0309895 0.0403445
1  -0.514825   0.142874 -0.0670091  -0.163163    2.55139   -1.80149 0.00194022 0.994645 0.298813 0.114512 0.0325901
1  -0.512917   0.149389 -0.0729583  -0.129528    2.54497     -1.834 0.00197891 0.991968 0.481863 0.1231 0.0630535
1  -0.514499   0.143211 -0.0677149  -0.161619    2.54895   -1.80477 0.00194098 0.994645 0.464005 0.239533 0.034058
1  -0.514644    0.14298 -0.0675004  -0.162529    2.54982    -1.8035 0.00194544 0.994645 0.484993 0.284671 0.0332614
1  -0.512878   0.149822 -0.0729743  -0.128331    2.54488    -1.8356 0.00196132 0.991968 0.476013 0.159259 0.0644371
1  -0.514926   0.142806 -0.0667827  -0.162894    2.55244   -1.79958 0.00194148 0.994645 0.503266 0.0523572 0.0324063
1  -0.511657   0.151296 -0.0754106  -0.129321    2.52967   -1.85768 0.00197487 0.997323 0.491124 0.564739 0.073835
1  -0.516233   0.137383 -0.0631637  -0.194614    2.55214   -1.78588 0.00205876 0.991968 0.335686 0.0483298 0.010657
1  -0.515943   0.134835 -0.0626433  -0.214168    2.54363     -1.786 0.00203644 0.995984 0.583399 0.214744 0.00399934
0  0.498771  0.143324 -0.140364 0.0814561  -2.53359   1.84114 0.00251125 0.98929 0.186248 0.0574013 0.09635
1  -0.516111   0.135995 -0.0631615  -0.203778    2.54816   -1.78579 0.00205534 0.993307 0.532399 0.213654 0.00376173
1  -0.516088   0.136279 -0.0634188  -0.201908    2.54849    -1.7868 0.00205217 0.993307 0.4019 0.153451 0.00506966
1  -0.514444   0.143348 -0.0678274  -0.161933    2.54813   -1.80688 0.0019363 0.994645 0.501417 0.486662 0.034516
1  -0.515934   0.134692 -0.0626686  -0.214331    2.54377   -1.78535 0.00204301 0.995984 0.541384 0.243195 0.0041621
1 -0.515794  0.136733 -0.063803 -0.201199   2.54597  -1.79029 0.00204973 0.994645 0.458958 0.201305 0.00587068
0  0.498771  0.143324 -0.140364  0.081456  -2.53359   1.84114 0.00251124 0.98929 0.221898 0.0438187 0.09635
1 -0.514825  0.142874 -0.067009 -0.163163   2.55139  -1.80149 0.00194023 0.994645 0.401444 0.126405 0.0325901
1  -0.514644    0.14298 -0.0675005  -0.162529    2.54982    -1.8035 0.00194544 0.994645 0.380578 0.0951315 0.0332613
1  -0.516088   0.136279 -0.0634188  -0.201908    2.54849    -1.7868 0.00205217 0.993307 0.496723 0.113493 0.00506969
1  -0.513531   0.144842 -0.0695171  -0.155742    2.54247   -1.81624 0.00197435 0.997323 0.491982 0.112203 0.0409557
1  -0.514624     0.1435 -0.0675126  -0.159659    2.55073   -1.80364 0.00194968 0.994645 0.381456 0.0840541 0.0351675
1  -0.514444   0.143348 -0.0678274  -0.161933    2.54813   -1.80688 0.0019363 0.994645 0.303726 0.242169 0.0345161
1  -0.515943   0.134835 -0.0626433  -0.214168    2.54363     -1.786 0.00203644 0.995984 0.468201 0.238025 0.0039994
1  -0.51292  0.149396  -0.07295 -0.129562     2.545  -1.83409 0.001979 0.991968 0.422978 0.565614 0.0630837
1  -0.515943   0.134835 -0.0626433  -0.214168    2.54363     -1.786 0.00203644 0.995984 0.277483 0.0735298 0.00399934
0  0.498771  0.143324 -0.140364 0.0814561  -2.53359   1.84114 0.00251124 0.98929 0.249804 0.0280806 0.09635
1  -0.512917   0.149389 -0.0729583  -0.129528    2.54497     -1.834 0.00197892 0.991968 0.367248 0.0553142 0.0630535
1 -0.516005  0.134767 -0.062553 -0.213758   2.54465  -1.78455 0.00204049 0.995984 0.552176 0.373432 0.00371093
1 -0.516034  0.134889 -0.062529 -0.213445   2.54459  -1.78516 0.00203757 0.995984 0.475582 0.126812 0.00335949
1  -0.514868   0.142846 -0.0668689   -0.16263    2.55218   -1.79988 0.00194392 0.994645 0.419074 0.0522933 0.0325811
1  -0.512772   0.149949 -0.0731891  -0.128606    2.54346    -1.8379 0.00195122 0.991968 0.368912 0.240443 0.0651825
1  -0.514955   0.142492 -0.0667016  -0.165643    2.55148   -1.80039 0.00192988 0.994645 0.373066 0.0834241 0.0308316
1  -0.516188   0.135227 -0.0625288  -0.210382    2.54692   -1.78417 0.00202134 0.994645 0.204046 0.0545628 0.00181858
1  -0.516111   0.135995 -0.0631615  -0.203778    2.54816   -1.78579 0.00205534 0.993307 0.578238 0.198121 0.00376172
1  -0.515934   0.134692 -0.0626686  -0.214331    2.54377   -1.78535 0.00204301 0.995984 0.606555 0.166079 0.00416205
1  -0.515934   0.134692 -0.0626685  -0.214331    2.54377   -1.78535 0.002043 0.995984 0.46275 0.268367 0.00416205
1   -0.51537   0.142037 -0.0661047  -0.166856    2.55456   -1.79606 0.00191704 0.993307 0.369255 0.059325 0.0296752
1  -0.513197   0.138005 -0.0679142  -0.208798    2.51769   -1.82123 0.00198716 0.998661 0.558899 0.209689 0.0306807
1  -0.515933   0.134676 -0.0626665  -0.214337    2.54376   -1.78525 0.00204351 0.995984 0.526436 0.138477 0.00419562
0   0.49035 0.0940291 -0.131424 -0.230813  -2.39067   1.83358 0.00320593 0.768407 0.196919 0.142129 0.339437
1  -0.516277   0.136342 -0.0630597  -0.202559    2.54954   -1.78688 0.00205087 0.993307 0.31102 0.0817155 0.00531216
1  -0.514644    0.14298 -0.0675004  -0.162529    2.54982    -1.8035 0.00194545 0.994645 0.532445 0.228792 0.0332613
0  0.496277  0.137016 -0.140984 0.0303412  -2.49854   1.86676 0.00257317 0.947791 0.24108 0.086283 0.140663
1  -0.515933   0.134676 -0.0626665  -0.214337    2.54376   -1.78525 0.00204351 0.995984 0.412418 0.145351 0.00419557
