1  -0.218858   0.165395 -0.0847681    1.85838    1.83498   0.517449 0.00291195 0.90096 0.431631 5.07486 0.00436497
0 -0.183777 -0.123527 -0.131342  -1.43038    1.3678  -1.02128 0.00391775 0.601441 0.293699 4.80609 3.13753
1  -0.218858   0.165395 -0.0847681    1.85838    1.83498   0.517449 0.00291195 0.90096 0.420928 9.39794 0.00436504
1  -0.218623   0.165189 -0.0850736    1.85607    1.83152   0.520513 0.00289237 0.90036 0.500232 6.69984 0.000235204
1  -0.218875   0.165393 -0.0847635    1.85836    1.83517   0.517368 0.00291244 0.90096 0.450416 5.46055 0.00451068
1  -0.218622   0.165189 -0.0850736    1.85607    1.83152   0.520514 0.00289236 0.90036 0.555222 9.9835 0.000235308
1  -0.218622   0.165189 -0.0850736    1.85607    1.83152   0.520513 0.00289236 0.90036 0.419383 6.67809 0.000235248
1  -0.218626   0.165238 -0.0850526    1.85644     1.8316   0.520304 0.00290148 0.90096 0.432551 10.5433 0.000193042
1  -0.218858   0.165395 -0.0847681    1.85838    1.83498   0.517449 0.00291195 0.90096 0.455981 5.18774 0.00436509
1  -0.218623   0.165189 -0.0850736    1.85607    1.83152   0.520514 0.00289236 0.90036 0.45608 11.6776 0.000235299
1  -0.215868   0.166736 -0.0883113    1.85216    1.81654   0.521598 0.00321217 0.897959 0.350984 4.83387 0.01515
0 -0.0774495  -0.065503  -0.143202  -0.495978   0.392878   -1.51928 0.00423404 0.591837 0.225762 6.2509 3.16961
1  -0.218858   0.165395 -0.0847681    1.85838    1.83498   0.517449 0.00291195 0.90096 0.436554 5.41399 0.00436502
0 -0.183777 -0.123528 -0.131342  -1.43038    1.3678  -1.02128 0.00391775 0.601441 0.199697 6.57731 3.13753
0   0.201629   0.175209 -0.0248331     1.9367    -1.9481  -0.615961 0.004395 0.703481 0.172807 6.94226 3.15651
1  -0.218858   0.165395 -0.0847681    1.85838    1.83498   0.517449 0.00291195 0.90096 0.320171 5.03557 0.00436504
0  -0.215596   0.166018 -0.0889842    1.84542     1.8138   0.528537 0.0032052 0.897959 0.434498 5.01112 0.0211925
1  -0.218858   0.165395 -0.0847681    1.85838    1.83498   0.517449 0.00291195 0.90096 0.49295 4.49741 0.00436505
1  -0.219097   0.165539 -0.0844648    1.85987    1.83805   0.514851 0.00291379 0.90036 0.361531 4.87251 0.00804388
1  -0.218871   0.165388 -0.0847692    1.85831    1.83511   0.517454 0.00291232 0.90096 0.473348 5.22266 0.00442454
1  -0.218108   0.164215 -0.0859971    1.84621     1.8249   0.529262 0.00289283 0.90096 0.46626 11.4154 0.013027
1  -0.219097   0.165539 -0.0844648    1.85987    1.83805   0.514851 0.00291379 0.90036 0.463334 10.0655 0.00804379
1  -0.218858   0.165395 -0.0847681    1.85838    1.83498   0.517449 0.00291195 0.90096 0.373956 4.93919 0.00436501
1  -0.218623   0.165189 -0.0850736    1.85607    1.83152   0.520514 0.00289236 0.90036 0.513851 5.98493 0.000235276
0 -0.0760517 -0.0659206  -0.142953   -0.50373   0.357974   -1.43831 0.00471137 0.593637 -0.0212577 5.96062 3.17167
1  -0.218871   0.165388 -0.0847692    1.85831    1.83511   0.517454 0.00291232 0.90096 0.433167 11.3635 0.00442457
1  -0.218405   0.165326 -0.0851251    1.85779     1.8295   0.518668 0.00290708 0.90096 0.454566 5.31044 0.00231545
1  -0.218857   0.165387 -0.0847643    1.85836    1.83491   0.517436 0.00291168 0.90096 0.413254 6.27326 0.00430982
1  -0.218871   0.165388 -0.0847692    1.85831    1.83511   0.517454 0.00291232 0.90096 0.450588 7.70472 0.00442451
1  -0.218964   0.165117 -0.0846794    1.85608     1.8376   0.516164 0.00291935 0.90096 0.525441 10.8833 0.00596033
1  -0.218858   0.165395 -0.0847681    1.85838    1.83498   0.517449 0.00291195 0.90096 0.443009 6.33484 0.00436501
1  -0.218871   0.165388 -0.0847692    1.85831    1.83511   0.517454 0.00291232 0.90096 0.371543 5.54622 0.00442453
1  -0.220971   0.163521 -0.0821725    1.85933    1.84096   0.523564 0.00312902 0.888355 0.388293 4.53522 0.0107057
0 -0.183777 -0.123528 -0.131342  -1.43038    1.3678  -1.02128 0.00391775 0.601441 0.256524 7.46557 3.13753
1  -0.218858   0.165395 -0.0847681    1.85838    1.83498   0.517449 0.00291195 0.90096 0.519019 11.9776 0.00436505
1  -0.218871   0.165388 -0.0847692    1.85831    1.83511   0.517454 0.00291232 0.90096 0.372587 4.53335 0.00442455
1   -0.21886   0.165389 -0.0847664    1.85835    1.83498    0.51746 0.0029119 0.90096 0.44989 10.4519 0.00434825
1  -0.218623   0.165189 -0.0850736    1.85607    1.83152   0.520514 0.00289236 0.90036 0.367738 5.30314 0.000235263
1  -0.218858   0.165395 -0.0847681    1.85838    1.83498   0.517449 0.00291195 0.90096 0.463522 6.11585 0.00436494
1  -0.218858   0.165395 -0.0847681    1.85838    1.83498   0.517449 0.00291195 0.90096 0.319668 5.02122 0.00436503
1  -0.218863    0.16541 -0.0847581     1.8585    1.83503   0.517273 0.00291212 0.90096 0.494698 13.9659 0.00451633
1  -0.218858   0.165395 -0.0847681    1.85838    1.83498   0.517449 0.00291195 0.90096 0.381692 5.49187 0.004365
1  -0.218617   0.165226 -0.0850645    1.85635    1.83149   0.520504 0.0029014 0.90096 0.480449 6.66205 4.7184e-06
1  -0.218871   0.165388 -0.0847693    1.85831    1.83511   0.517454 0.00291232 0.90096 0.49913 9.58856 0.00442447
1  -0.218871   0.165388 -0.0847692    1.85831    1.83511   0.517454 0.00291232 0.90096 0.497534 5.8385 0.00442449
1  -0.219097   0.165539 -0.0844648    1.85987    1.83805   0.514851 0.00291379 0.90036 0.405645 11.5826 0.0080438
1  -0.218858   0.165395 -0.0847681    1.85838    1.83498   0.517449 0.00291195 0.90096 0.428894 5.52652 0.00436508
1  -0.219097   0.165539 -0.0844648    1.85987    1.83805   0.514851 0.00291379 0.90036 0.277522 4.70184 0.00804382
1  -0.221445     0.1639 -0.0813445     1.8631    1.84793   0.518629 0.0031276 0.885954 0.427884 4.72547 0.0176389
1  -0.218871   0.165388 -0.0847692    1.85831    1.83511   0.517454 0.00291232 0.90096 0.366686 5.14359 0.00442451
1  -0.219097   0.165539 -0.0844648    1.85987    1.83805   0.514851 0.00291379 0.90036 0.394432 10.9643 0.0080438
1  -0.218858   0.165395 -0.0847681    1.85838    1.83498   0.517449 0.00291195 0.90096 0.413147 6.39696 0.00436501
0 -0.0759245 -0.0683308  -0.143726  -0.500602   0.396862   -1.51864 0.00420264 0.605042 0.0807131 5.99206 3.17005
1  -0.218623   0.165189 -0.0850737    1.85607    1.83152   0.520513 0.00289237 0.90036 0.477873 5.5201 0.00023526
0  -0.230241  -0.196104 -0.0478371   -2.15901    2.16079   0.036695 0.00440796 0.59964 0.23215 7.42461 3.13218
1  -0.220983   0.163407 -0.0822422    1.85829    1.84101   0.524205 0.00312716 0.888355 0.346662 14.711 0.0104797
1  -0.218623   0.165189 -0.0850736    1.85607    1.83152   0.520514 0.00289236 0.90036 0.451369 7.51581 0.000235275
1  -0.216369   0.166908 -0.0878401    1.85444    1.82373   0.517184 0.00319605 0.896158 0.361979 5.11175 0.0089703
1  -0.219097   0.165539 -0.0844648    1.85987    1.83805   0.514851 0.00291379 0.90036 0.41288 13.2035 0.0080439
1  -0.218623   0.165189 -0.0850736    1.85607    1.83152   0.520514 0.00289236 0.90036 0.50577 12.876 0.000235285
0   0.20796  0.203416 0.0104477   2.09834  -2.11324 -0.373603 0.00495832 0.717287 -0.0858602 4.30038 3.14398
1  -0.218871   0.165388 -0.0847692    1.85831    1.83511   0.517454 0.00291232 0.90096 0.270503 4.52628 0.00442452
1  -0.218871   0.165388 -0.0847692    1.85831    1.83511   0.517454 0.00291232 0.90096 0.421111 6.3914 0.00442448
1  -0.218622   0.165189 -0.0850736    1.85607    1.83152   0.520514 0.00289236 0.90036 0.523464 5.28934 0.000235324
1  -0.218623   0.165189 -0.0850736    1.85607    1.83152   0.520513 0.00289237 0.90036 0.585214 5.79109 0.000235224
0  -0.221595    0.16398 -0.0810002     1.8637    1.85056   0.516793 0.00314253 0.885954 0.425964 7.55959 0.0201008
1  -0.218616   0.165219 -0.0850699    1.85629    1.83148   0.520523 0.00289258 0.90036 0.538611 9.91314 5.91913e-05
1  -0.221445     0.1639 -0.0813445     1.8631    1.84793   0.518629 0.0031276 0.885954 0.388312 5.32052 0.017639
1  -0.218858   0.165395 -0.0847681    1.85838    1.83498   0.517449 0.00291195 0.90096 0.375642 18.5081 0.00436504
1  -0.218623   0.165189 -0.0850737    1.85607    1.83152   0.520513 0.00289236 0.90036 0.440965 12.0105 0.000235272
1  -0.218623   0.165189 -0.0850736    1.85607    1.83152   0.520514 0.00289236 0.90036 0.514241 5.80705 0.000235297
1  -0.218656   0.165247 -0.0848878    1.85729    1.83338   0.517543 0.0029017 0.90036 0.456488 9.9178 0.00285495
1  -0.218858   0.165395 -0.0847681    1.85838    1.83498   0.517449 0.00291195 0.90096 0.355466 5.39548 0.00436506
1  -0.219097   0.165539 -0.0844648    1.85987    1.83805   0.514851 0.00291379 0.90036 0.431863 5.47989 0.00804381
0 -0.183777 -0.123528 -0.131342  -1.43038    1.3678  -1.02128 0.00391775 0.601441 0.211084 6.51681 3.13753
1  -0.218858   0.165395 -0.0847681    1.85838    1.83498   0.517449 0.00291196 0.90096 0.461291 6.38616 0.00436508
0 -0.183777 -0.123528 -0.131342  -1.43038    1.3678  -1.02128 0.00391775 0.601441 0.239395 5.68076 3.13753
1  -0.216384   0.166923 -0.0878394    1.85453    1.82379   0.516929 0.0031876 0.895558 0.35427 12.2725 0.00897074
1  -0.221442   0.163675 -0.0812261    1.86073     1.8493   0.517743 0.00314021 0.886555 0.228847 5.87932 0.0176581
1  -0.218858   0.165395 -0.0847681    1.85838    1.83498   0.517449 0.00291196 0.90096 0.458245 5.90672 0.00436504
1  -0.217925   0.164767 -0.0857735     1.8524    1.82207   0.529263 0.00289562 0.90096 0.502636 12.3052 0.0112599
0  0.208064  0.203251 0.0103668   2.09719  -2.11375 -0.374609 0.00497921 0.718487 0.106813 8.21292 3.1432
1  -0.217931   0.164775 -0.0857634     1.8525    1.82217   0.529109 0.00289568 0.90096 0.520252 17.212 0.0110967
0 -0.184762 -0.130304 -0.129855  -1.48027   1.39494 -0.979263 0.00404061 0.60024 0.274261 5.51053 3.14584
1  -0.218854   0.165399 -0.0847694    1.85841    1.83492   0.517428 0.00291182 0.90096 0.435718 6.30533 0.00434645
1  -0.218626   0.165238 -0.0850527    1.85644     1.8316   0.520304 0.00290148 0.90096 0.388135 6.53256 0.000193009
1  -0.218858   0.165395 -0.0847681    1.85838    1.83498   0.517449 0.00291195 0.90096 0.426246 4.97943 0.00436502
1  -0.218871   0.165388 -0.0847692    1.85831    1.83511   0.517454 0.00291232 0.90096 0.394587 13.2517 0.00442451
1  -0.218858   0.165395 -0.0847681    1.85838    1.83498   0.517449 0.00291195 0.90096 0.541337 5.59735 0.00436501
1  -0.217931   0.164775 -0.0857634     1.8525    1.82217   0.529109 0.00289568 0.90096 0.483335 5.80909 0.0110967
1  -0.220963   0.162939 -0.0825535    1.85446    1.83994   0.530153 0.00309383 0.885954 0.443756 7.32375 0.0113364
1  -0.218868   0.165384 -0.0847674     1.8583    1.83505   0.517487 0.0029121 0.90096 0.428685 10.699 0.00436934
1  -0.218622   0.165189 -0.0850736    1.85607    1.83152   0.520514 0.00289236 0.90036 0.455977 10.9668 0.000235309
1  -0.218508   0.165238 -0.0850868     1.8569    1.83089   0.518198 0.00290568 0.90096 0.305624 4.55003 0.00183763
1  -0.218871   0.165388 -0.0847692    1.85831    1.83511   0.517454 0.00291232 0.90096 0.39915 10.6573 0.00442452
1  -0.218858   0.165395 -0.0847681    1.85838    1.83498   0.517449 0.00291195 0.90096 0.310311 4.81222 0.00436504
1  -0.218622   0.165189 -0.0850736    1.85607    1.83152   0.520513 0.00289237 0.90036 0.449308 10.4079 0.000235244
1  -0.215704   0.166461 -0.0884371     1.8492    1.81626   0.523106 0.00321219 0.897959 0.3566 5.18441 0.01681
0 -0.185141 -0.124422 -0.130346  -1.44213   1.38228  -1.00762 0.00393284 0.602041 0.159498 4.90612 3.13552
1  -0.218871   0.165388 -0.0847692    1.85831    1.83511   0.517454 0.00291232 0.90096 0.547902 4.86106 0.00442452
