1 -0.221065  0.163323 -0.082275    1.8576   1.84177  0.524505 0.00312861 0.888355 0.389344 0.422662 0.0109212
0 -0.191123 -0.118103 -0.122956  -1.45955   1.35674 -0.987777 0.00408967 0.579832 0.262706 0.192754 3.1415
1  -0.222627   0.162038 -0.0794181    1.86586    1.83957   0.529103 0.00354743 0.855342 0.294557 0.410789 0.0165338
0  -0.211209   0.170505 -0.0970255    1.83228    1.82238   0.531625 0.00365939 0.808523 0.367698 0.222301 0.0282221
0  -0.227468   0.154235 -0.0712304    1.86476    1.80706   0.540444 0.00357728 0.722689 0.32496 0.275555 0.0304044
1  -0.220963   0.162939 -0.0825535    1.85446    1.83994   0.530153 0.00309383 0.885954 0.47801 0.701302 0.0113364
0  -0.225087   0.159087 -0.0745427    1.87378    1.82535   0.524551 0.00359066 0.778511 0.279206 0.2492 0.01949
0  -0.226281   0.156515 -0.0727691    1.86749    1.81757   0.532514 0.00351163 0.747899 0.313223 0.327632 0.0218894
0  -0.224097   0.161031 -0.0764566     1.8753    1.83515   0.523617 0.00366011 0.809124 0.316209 0.220142 0.0209226
1  -0.222521   0.161881 -0.0796504    1.86379    1.83752   0.531684 0.00351462 0.854142 0.339062 0.273862 0.0154083
0  -0.226594   0.156096 -0.0729768    1.86408    1.82101   0.534133 0.00350592 0.747899 0.291633 0.358233 0.020807
0 -0.0799505 -0.0535566  -0.140432  -0.479074   0.334948   -1.43893 0.00447839 0.561224 0.181079 0.198316 3.16958
0 -0.224677  0.158107  -0.07559   1.86455   1.81823  0.535667 0.00355334 0.777311 0.31245 0.285412 0.0202624
0 -0.180259 -0.120439 -0.134457  -1.39165   1.33186  -1.04891 0.0036769 0.590636 0.248897 0.187717 3.13508
0   0.185817    0.19133 -0.0345273    1.96856   -1.94811  -0.557464 0.0044535 0.656062 0.161797 0.413558 3.13397
1  -0.220975   0.163743 -0.0819537    1.86124    1.84161   0.522097 0.00314303 0.888956 0.266223 0.135971 0.01185
0  -0.212671   0.168646 -0.0944534    1.83351    1.82138   0.530029 0.00366512 0.837935 0.353353 0.237342 0.0264429
1  -0.218858   0.165395 -0.0847681    1.85838    1.83498   0.517449 0.00291195 0.90096 0.49295 0.192766 0.00436511
0  -0.226766   0.155831 -0.0730409    1.86119    1.82316   0.535248 0.00350666 0.747899 0.231622 0.318486 0.0203537
1  -0.222868   0.162033 -0.0791918    1.86595     1.8428   0.527382 0.00354885 0.854742 0.358242 0.153689 0.0180086
1 -0.217713  0.164413 -0.086114   1.84838   1.81994  0.530901 0.00291117 0.902161 0.462876 0.304735 0.0152126
1  -0.218871   0.165388 -0.0847692    1.85831    1.83511   0.517454 0.00291232 0.90096 0.463605 0.430881 0.00442456
0  -0.226691    0.15625 -0.0727612     1.8653    1.82257   0.532193 0.00350849 0.747899 0.245706 0.236354 0.0200678
1  -0.215822   0.166769 -0.0883433    1.85255    1.81591   0.521776 0.00322084 0.898559 0.45864 0.230891 0.0155034
0 -0.0776486 -0.0609539  -0.142549    -0.4766   0.379359   -1.52787 0.00421467 0.579232 0.0864101 0.0531317 3.16769
1  -0.221408   0.163261 -0.0819604    1.85757    1.84644   0.523594 0.00312269 0.886555 0.392223 0.700924 0.0145601
0 -0.206578  0.172674 -0.104358   1.81439    1.8031   0.56137 0.00364517 0.7509 0.316083 0.316089 0.0588518
0  -0.226691    0.15625 -0.0727612     1.8653    1.82257   0.532193 0.00350849 0.747899 0.292987 0.260811 0.0200678
0  -0.224097   0.161031 -0.0764566     1.8753    1.83515   0.523617 0.00366011 0.809124 0.309517 0.372207 0.0209226
0 -0.202597  0.187496 -0.109491   1.86946   1.87304   0.49362 0.00387333 0.64886 0.370367 0.509216 0.0539439
0  -0.228127   0.153671 -0.0709941    1.85883    1.81665   0.538067 0.00352229 0.720888 0.326265 0.421695 0.0253169
1  -0.223872   0.160456 -0.0769631     1.8694    1.83222   0.526833 0.00362421 0.807923 0.217923 0.149895 0.0164296
1  -0.223704   0.160848 -0.0769073    1.87341    1.82948    0.52699 0.00361861 0.807323 0.29258 0.0995575 0.018601
0 -0.185479  -0.11712 -0.128679  -1.41988   1.31258  -1.04224 0.00368472 0.579832 0.300747 0.104359 3.13677
1  -0.221445     0.1639 -0.0813445     1.8631    1.84793   0.518629 0.0031276 0.885954 0.483401 0.701463 0.017639
1  -0.218858   0.165395 -0.0847681    1.85838    1.83498   0.517449 0.00291195 0.90096 0.372666 0.117731 0.00436505
1  -0.221391   0.163294 -0.0819386    1.85785     1.8463   0.523439 0.00312314 0.886555 0.409981 0.587701 0.0145139
0 -0.203269  0.175598 -0.109703    1.8044   1.80396  0.570279 0.00401626 0.714286 0.122059 0.228244 0.0693054
0  -0.224892   0.158831 -0.0748875    1.87122     1.8223   0.528216 0.00359547 0.779112 0.337597 0.212014 0.0190129
1  -0.220966   0.163529 -0.0821706    1.85943    1.84086    0.52355 0.00312872 0.888355 0.269023 0.104298 0.0106675
1 -0.215727  0.167185 -0.088202   1.85765   1.81363  0.520796 0.00322392 0.897959 0.456595 0.556629 0.015876
0  -0.232254   0.152535 -0.0656816    1.86817    1.84991   0.519332 0.00344327 0.688475 0.268875 0.248867 0.0315932
1  -0.221204   0.162966 -0.0822439    1.85504    1.84356   0.527743 0.00311369 0.886555 0.442435 0.536803 0.0128226
0  -0.228127   0.153671 -0.0709941    1.85883    1.81665   0.538067 0.00352229 0.720888 0.394226 0.469446 0.025317
1  -0.216547   0.167147 -0.0875941    1.85645    1.82589   0.514408 0.00321956 0.897359 0.444527 0.297991 0.00793776
0  -0.224903    0.15879 -0.0749159    1.87093    1.82248   0.528602 0.00359554 0.779112 0.266583 0.71398 0.0189545
0  -0.226708   0.156218 -0.0727828    1.86502    1.82272   0.532467 0.00349829 0.747299 0.3139 0.298248 0.0200724
1   -0.22122   0.163641 -0.0817689    1.86098    1.84459   0.521977 0.0031208 0.886555 0.226193 0.142362 0.0141189
0 -0.203091   0.17611 -0.109296   1.80876   1.80402  0.565425 0.00400743 0.713685 0.26694 0.591682 0.0650795
0  -0.226817    0.15593 -0.0729472    1.86233    1.82384   0.534803 0.00350869 0.747899 0.237 0.312427 0.020267
0  -0.224107    0.16102 -0.0764313    1.87522    1.83537   0.523526 0.00366047 0.809124 0.239251 0.840097 0.0209399
0   -0.2238  0.161055 -0.076747   1.87472   1.83098  0.523562 0.00364094 0.808523 0.266233 0.521426 0.0190695
0 -0.0812385 -0.0521433   -0.14094  -0.458861   0.354649    -1.5341 0.00423156 0.565426 0.0743884 0.0683539 3.17275
0  -0.230044   0.153252 -0.0696485    1.85679    1.84215    0.53035 0.00343607 0.714286 0.379725 0.368832 0.023526
0   -0.21962  -0.154205 -0.0923907   -1.84152    1.78313  -0.573046 0.00456923 0.537815 0.204057 0.0750932 3.14139
1  -0.222521   0.161881 -0.0796504    1.86379    1.83752   0.531684 0.00351462 0.854142 0.368795 0.823554 0.0154083
1  -0.224034   0.160734 -0.0766322    1.87321    1.83397   0.526941 0.00366551 0.809724 0.304717 0.288307 0.0197349
0   -0.2238  0.161055 -0.076747   1.87472   1.83098  0.523562 0.00364094 0.808523 0.273168 0.693013 0.0190696
0  -0.215468    0.16612 -0.0890031     1.8463    1.81211   0.528389 0.00321335 0.898559 0.45983 0.892573 0.0219718
1  -0.222521   0.161881 -0.0796504    1.86379    1.83752   0.531684 0.00351462 0.854142 0.399442 0.431845 0.0154083
0  -0.234798  -0.193285 -0.0356947   -2.17409    2.17205  0.0536863 0.00439814 0.586435 0.0368173 0.117696 3.13645
1  -0.222743   0.161947 -0.0793554    1.86496    1.84119   0.528802 0.00353221 0.854142 0.115229 0.18896 0.0168724
0  -0.224903    0.15879 -0.0749159    1.87093    1.82248   0.528602 0.00359554 0.779112 0.285307 0.343252 0.0189545
0  -0.224649    0.15796 -0.0756544    1.86321    1.81825   0.537262 0.00356191 0.777911 0.413152 0.324988 0.0207382
0  -0.224649    0.15796 -0.0756544    1.86321    1.81825   0.537262 0.00356192 0.777911 0.489196 0.389 0.0207382
0  -0.225087   0.159087 -0.0745427    1.87378    1.82535   0.524551 0.00359066 0.778511 0.344105 0.242915 0.01949
1  -0.215822   0.166769 -0.0883433    1.85255    1.81591   0.521776 0.00322084 0.898559 0.486251 0.713257 0.0155034
0  -0.230747   0.153697 -0.0686441    1.86027    1.85304    0.52102 0.0034203 0.712485 0.331067 0.255823 0.0285458
1  -0.221204   0.162966 -0.0822439    1.85504    1.84356   0.527743 0.00311369 0.886555 0.359309 1.0868 0.0128226
0  -0.228878   0.151706 -0.0694995    1.85837    1.80017   0.548804 0.003615 0.70108 0.301294 0.405436 0.038938
1  -0.221106   0.163388 -0.0819308     1.8586    1.84324   0.525274 0.00312015 0.886555 0.475985 0.209514 0.0127345
0 -0.198481  0.193081 -0.116253   1.86848   1.88833  0.485972 0.00411625 0.604442 0.228994 0.338973 0.0696981
1  -0.222725   0.161893 -0.0793959    1.86464     1.8409   0.529681 0.00350861 0.852341 0.223401 0.135671 0.0168654
1  -0.219097   0.165539 -0.0844648    1.85987    1.83805   0.514851 0.00291379 0.90036 0.431863 0.246643 0.00804383
0  -0.18505 -0.119423 -0.129564  -1.42624    1.3311  -1.04332 0.00389921 0.592437 0.214819 0.146653 3.14026
1  -0.22122  0.163641 -0.081769   1.86098   1.84459  0.521977 0.00312081 0.886555 0.422654 0.191438 0.0141189
0 -0.172551 -0.124718 -0.141542  -1.36332   1.31334  -1.06442 0.00378196 0.582833 0.265758 0.135937 3.12894
1  -0.222627   0.162038 -0.0794181    1.86586    1.83957   0.529103 0.00354743 0.855342 0.441302 0.81701 0.0165339
0  -0.229357    0.15111 -0.0694162    1.85236     1.8076   0.547279 0.00362359 0.702281 0.110143 0.38438 0.0354821
0    -0.2323   0.149328 -0.0656723     1.8549    1.82338   0.542564 0.00337832 0.666267 0.368644 0.396549 0.0307859
0   -0.2238  0.161055 -0.076747   1.87472   1.83098  0.523562 0.00364094 0.808523 0.322622 0.509328 0.0190695
0 -0.202454   0.18055 -0.111639   1.81905   1.84303   0.55188 0.00381247 0.664466 0.345155 0.497454 0.0463572
0   0.187721   0.183046 -0.0431781    1.89603   -1.95924  -0.617185 0.00442288 0.634454 0.206609 0.445211 3.14096
0 -0.219789  0.161842 -0.084175   1.84328   1.82384  0.543603 0.00308692 0.888355 0.488569 0.416932 0.0219301
0 -0.169021 -0.136588 -0.142652  -1.42399   1.34037 -0.984918 0.00382141 0.539616 0.313633 0.252686 3.13745
1  -0.219097   0.165539 -0.0844648    1.85987    1.83805   0.514851 0.00291379 0.90036 0.435335 0.235968 0.00804381
1 -0.224066  0.160624 -0.076666   1.87199   1.83458  0.526712 0.00364535 0.808523 0.231268 0.579268 0.0190152
1   -0.22291   0.162048 -0.0791298    1.86657    1.84336   0.528111 0.00354729 0.853541 0.301063 0.260707 0.0189914
1  -0.223734   0.160749 -0.0769643    1.87231    1.82988   0.527133 0.00362569 0.807923 0.246293 0.396576 0.0179307
1  -0.222626   0.162038 -0.0794181    1.86586    1.83957   0.529104 0.00354743 0.855342 0.441242 0.244704 0.0165338
0 -0.201215  0.183137 -0.113492   1.82584   1.85027  0.542407 0.00385313 0.652461 0.312502 0.393846 0.0430302
0  -0.226274    0.15652 -0.0727728    1.86752    1.81745    0.53245 0.00352141 0.748499 0.366879 0.545334 0.0219112
1   -0.22291   0.162048 -0.0791298    1.86657    1.84336   0.528111 0.00354729 0.853541 0.253185 0.810219 0.0189913
1  -0.222532   0.161932 -0.0795671     1.8642    1.83811   0.530447 0.00349694 0.852941 0.342263 0.386787 0.0153338
1 -0.222459  0.161893 -0.079537   1.86322   1.83836  0.525071 0.00346221 0.852341 0.172628 0.16129 0.0128003
0  -0.224097   0.161031 -0.0764566     1.8753    1.83515   0.523617 0.00366011 0.809124 0.244872 0.461545 0.0209226
1  -0.221445     0.1639 -0.0813445     1.8631    1.84793   0.518629 0.0031276 0.885954 0.259237 0.219854 0.017639
0  -0.231641   0.152783 -0.0657244    1.87058    1.84248   0.521604 0.00347612 0.690276 0.338164 0.363277 0.0290527
0 -0.198089  0.191296 -0.114894   1.86843   1.86029  0.503168 0.00407588 0.62485 0.183602 0.195348 0.0488284
0 -0.182554 -0.122039 -0.132916  -1.41184   1.35444  -1.03288 0.00386201 0.59964 0.174636 0.156101 3.13422
1  -0.221445     0.1639 -0.0813445     1.8631    1.84793   0.518629 0.0031276 0.885954 0.514484 0.250477 0.017639
