1  -0.217805   0.164645 -0.0858074    1.85334     1.8237   0.525544 0.002941 0.90096 0.425961 5.01106 0.00855654
0 -0.193458 -0.124806 -0.126633  -1.44105   1.47067 -0.957683 0.00522953 0.590036 0.057208 4.5759 3.08476
1  -0.217907   0.165207 -0.0853867    1.85835     1.8249   0.522884 0.00292251 0.89976 0.41883 9.33312 0.005688
0  -0.221379   0.159422 -0.0864097    1.80922    1.86859   0.543099 0.00353074 0.892557 0.389928 6.59593 0.0471133
0  -0.220147   0.165446 -0.0837582    1.86463    1.85189   0.511078 0.00301882 0.893758 0.430343 5.387 0.0216556
0  -0.215556   0.161159 -0.0902097    1.81962    1.78786   0.574946 0.00315061 0.90096 0.51551 9.83394 0.066375
1  -0.217364   0.164661 -0.0859564    1.85395    1.81855   0.527483 0.00297233 0.901561 0.403331 6.59548 0.0127791
0  -0.219632   0.168743 -0.0807607    1.88913    1.85997   0.464112 0.00311091 0.888956 0.391594 10.3491 0.0572732
1  -0.217781    0.16484 -0.0856291    1.85516    1.82353    0.52701 0.00294286 0.90096 0.450208 5.12821 0.00844052
0  -0.217285   0.161558 -0.0882069    1.82387    1.81536   0.557529 0.00304184 0.89916 0.42797 11.573 0.0426309
1  -0.216426   0.166975 -0.0875642    1.85792    1.82593   0.516556 0.00322185 0.894958 0.349029 4.75449 0.00665339
0 -0.0517372 -0.0513096  -0.148366  -0.326379   0.150615   -1.46589 0.00636056 0.42377 -0.163094 5.43829 3.16401
1  -0.217793   0.164289 -0.0860912    1.85006    1.82249   0.529851 0.00295191 0.902161 0.428823 5.3446 0.0123473
0 -0.191588 -0.123205 -0.127989  -1.42238   1.44705 -0.973661 0.00526818 0.593637 -0.0761643 6.35141 3.08637
0   0.213238     0.1938 -0.0105659    2.04274   -2.05829  -0.464536 0.00563874 0.645858 -0.0612814 6.85934 3.14981
1  -0.217611   0.164567 -0.0859075    1.85249    1.82179   0.527522 0.00296158 0.902161 0.308585 4.97145 0.010885
0   -0.21303   0.159442 -0.0952415    1.78665    1.77814   0.597728 0.00374025 0.887755 0.340097 4.821 0.0995866
1  -0.217421   0.164386 -0.0861263    1.85064    1.81957   0.528009 0.00297209 0.902761 0.482478 4.43284 0.0135431
0  -0.221016   0.166182 -0.0824061    1.86972    1.86619   0.492215 0.00305382 0.893157 0.330849 4.75953 0.0396051
1  -0.218317   0.164832 -0.0852188    1.85638    1.82965   0.527194 0.00293964 0.898559 0.468409 5.17325 0.00516127
0  -0.217541   0.160748 -0.0882515    1.81434    1.82312   0.543835 0.00313855 0.898559 0.420923 11.3139 0.0418175
0  -0.220448   0.166617 -0.0822041    1.87176    1.86269   0.484258 0.00305307 0.894958 0.437682 9.93371 0.0411694
1  -0.217633   0.164383 -0.0859985    1.85098    1.82189   0.529116 0.00295599 0.901561 0.364487 4.87449 0.0120145
0  -0.216758   0.165302 -0.0864964    1.85923    1.80752   0.526943 0.00304388 0.902761 0.488383 5.86195 0.0206323
0 -0.0535095 -0.0520701  -0.148458   -0.33515   0.167024   -1.47587 0.00642004 0.42377 -0.391636 5.88093 3.16499
0  -0.218929   0.162307 -0.0865557    1.83359    1.83439   0.538878 0.00301182 0.90036 0.413803 11.2692 0.022912
1  -0.217994   0.164315 -0.0859275    1.84958    1.82602   0.522712 0.00293714 0.90096 0.448927 5.25181 0.00874234
1 -0.217938  0.164427 -0.085387   1.85285    1.8262  0.524251 0.0029686 0.89976 0.401783 6.23252 0.00663761
1  -0.218539   0.163892 -0.0857936    1.84685    1.83088   0.530687 0.00295943 0.902161 0.441701 7.64076 0.0109358
0  -0.218498   0.164436 -0.0849098    1.85019    1.83991   0.501595 0.00311494 0.90036 0.493648 10.8382 0.0159719
1  -0.217452   0.164703 -0.0860874      1.854    1.81915   0.528664 0.002975 0.902161 0.430949 6.25608 0.0126184
1 -0.219048  0.164257 -0.085459   1.85207   1.83613  0.523449 0.00297514 0.898559 0.357989 5.46866 0.00520391
1 -0.219195  0.164152 -0.082882   1.86585   1.82151  0.526536 0.00328581 0.896158 0.357642 4.41269 0.0113461
0 -0.192187 -0.123865 -0.128241  -1.42632   1.45449 -0.973304 0.00523033 0.591837 0.00743535 7.25494 3.08571
1  -0.217854   0.164562 -0.0857371    1.85273    1.82429   0.526071 0.00293058 0.90036 0.515943 11.9183 0.00854582
1  -0.218059   0.163409 -0.0864527    1.84268    1.82552   0.533616 0.00297556 0.902161 0.358964 4.45506 0.0166721
1 -0.218456  0.164989 -0.084897   1.85705   1.83296  0.517522 0.00294263 0.89976 0.444085 10.4119 0.00259361
0  -0.217274   0.162913 -0.0868247    1.83827    1.81784   0.540126 0.00298845 0.89916 0.346734 5.21546 0.0255867
0  -0.216964   0.166688 -0.0848146    1.87185    1.81313   0.517371 0.00299316 0.898559 0.448561 6.02837 0.017823
1  -0.217721   0.164739 -0.0857166    1.85415    1.82314   0.522995 0.00293783 0.90036 0.313621 4.95729 0.00819413
0 -0.219543  0.166757 -0.083384   1.87434   1.84516  0.498566 0.00301375 0.896759 0.477065 13.9154 0.0263492
1  -0.217848   0.164455 -0.0858584    1.85121    1.82451   0.527548 0.00293452 0.90096 0.3769 5.432 0.00964526
1  -0.217895   0.165617 -0.0848531    1.86247    1.82649    0.51576 0.00294686 0.89916 0.472309 6.59611 0.00677941
0  -0.218564   0.164122 -0.0864116    1.84794    1.82516   0.540627 0.0029494 0.89916 0.492755 9.49402 0.0174611
1  -0.219046    0.16498 -0.0849096     1.8573    1.83821   0.516658 0.00293921 0.898559 0.492896 5.78214 0.00653562
0  -0.219113   0.167334 -0.0827712    1.87809    1.84289   0.493702 0.00295639 0.896158 0.396955 11.483 0.0296754
0  -0.218968   0.166494 -0.0842301    1.87338    1.83854   0.505918 0.00308481 0.895558 0.394993 5.45304 0.0198195
0  -0.219754   0.166946 -0.0821873    1.87581    1.85401   0.487206 0.00305327 0.896759 0.242937 4.5678 0.0366971
0  -0.223585    0.16644 -0.0769232    1.88653    1.88373   0.474069 0.0034217 0.884754 0.374085 4.53165 0.0658744
1  -0.219093   0.163712 -0.0856985    1.84573    1.84065    0.52626 0.00301753 0.898559 0.343808 5.07042 0.0111453
0  -0.219695   0.165773 -0.0837245    1.86383    1.84973   0.499106 0.00299933 0.898559 0.376656 10.8974 0.0235094
1  -0.217375   0.164594 -0.0860957    1.85289    1.81855   0.531125 0.00298334 0.902761 0.398761 6.32735 0.014226
0 -0.0554873 -0.0557381  -0.148927  -0.356094   0.208036   -1.48874 0.006168 0.408163 -0.349189 5.69976 3.17144
1  -0.217831   0.164696 -0.0856522    1.85678    1.82442   0.524513 0.00299119 0.896759 0.460034 5.43176 0.00663083
0  -0.224811  -0.176741 -0.0716057    -1.9565     1.9687  -0.334447 0.00602979 0.488595 -0.0503678 7.1485 3.11163
1  -0.220059   0.163045 -0.0829225    1.85602     1.8324   0.530313 0.00318732 0.890156 0.334094 14.6561 0.00828089
0  -0.216581   0.164867 -0.0863546    1.85516    1.80816    0.53155 0.00297902 0.90096 0.434931 7.40714 0.0216721
1  -0.216357     0.1668 -0.0876531    1.85656    1.82636   0.516811 0.00325236 0.896158 0.350739 5.07198 0.00648246
0  -0.217313   0.160316 -0.0864961    1.81582    1.82587   0.563143 0.0037492 0.886555 0.244549 13.0811 0.0466484
0  -0.217885   0.163347 -0.0865848    1.84222    1.82173    0.54228 0.00293286 0.898559 0.49885 12.7859 0.022318
0  0.213035  0.225903 0.0243456    2.2118   -2.1903 -0.181553 0.00589915 0.642257 -0.291898 4.22026 3.14299
0  -0.216299   0.162502 -0.0874133     1.8334    1.80582   0.550205 0.00310184 0.90096 0.223031 4.46247 0.0388686
1  -0.217339   0.163794 -0.0867168    1.84509    1.81786   0.531719 0.00295768 0.90096 0.412096 6.31647 0.0187734
0  -0.215979   0.162618 -0.0884261    1.83604    1.79638   0.563638 0.00312708 0.89976 0.484794 5.16094 0.0486037
1  -0.218256   0.164347 -0.0859939    1.85044    1.82651   0.528247 0.00294701 0.902161 0.577378 5.69926 0.00919772
0  -0.227395   0.173931 -0.0664831    1.95233    1.95731   0.372053 0.00441778 0.82413 0.193018 7.3236 0.183602
1   -0.21741    0.16548 -0.0853885    1.86126    1.81932   0.524012 0.00295368 0.89976 0.528865 9.83569 0.0104142
0   -0.22204   0.165632 -0.0791961    1.88113    1.85887   0.502081 0.00320145 0.881753 0.373869 5.18058 0.0383661
1 -0.217642  0.164112 -0.086218   1.84945   1.82082  0.527423 0.00298502 0.901561 0.359975 18.4342 0.0131599
1  -0.217306   0.164825 -0.0860492    1.85403    1.81833   0.522149 0.00295479 0.90096 0.428899 11.9173 0.0123275
1  -0.218269   0.164903 -0.0853617    1.85658    1.82922    0.52121 0.00294429 0.89976 0.505519 5.72354 0.00202966
1  -0.218962   0.164326 -0.0849135    1.85097    1.84086   0.517394 0.00296971 0.898559 0.44375 9.80376 0.00836359
1   -0.21738   0.164017 -0.0863777    1.84833     1.8179   0.531677 0.00300269 0.903361 0.335383 5.32146 0.0169068
0  -0.221376   0.169961 -0.0785521    1.90584    1.88166   0.452595 0.00329492 0.882353 0.357549 5.31318 0.0824488
0 -0.194221 -0.125714 -0.125813    -1.452   1.47789 -0.954752 0.00523405 0.588235 -0.0539786 6.28037 3.08817
1  -0.217431   0.164299 -0.0861886    1.84959    1.81806   0.533591 0.00296421 0.903361 0.451624 6.32167 0.0167789
0 -0.189722 -0.123517 -0.129486  -1.41666   1.42965 -0.972731 0.00510484 0.588235 0.00893083 5.46221 3.08991
0  -0.215372   0.166529 -0.0884609    1.85457    1.81128   0.526507 0.00324341 0.896759 0.342966 12.1108 0.0187901
0  -0.219889    0.16304 -0.0819788    1.85114    1.85011   0.482764 0.00387117 0.887155 0.0493425 5.82388 0.0312624
1  -0.217376   0.164073 -0.0864904    1.84786    1.81811   0.532271 0.00295883 0.901561 0.449525 5.83315 0.017187
0  -0.214665   0.158759 -0.0926244    1.79763    1.77527   0.591663 0.00327197 0.891357 0.437992 12.1425 0.0923433
0   0.21332  0.225296 0.0241561   2.20833  -2.19156 -0.186098 0.00588854 0.645258 -0.0563063 8.14278 3.14534
0  -0.214985   0.163915 -0.0877893    1.84686    1.78442   0.541204 0.00321577 0.902761 0.467222 17.0908 0.0456784
0 -0.189758 -0.132209 -0.126614  -1.49225   1.44224 -0.938959 0.00474681 0.585834 0.14742 5.40094 3.12594
1  -0.217863   0.164464 -0.0857554    1.85187     1.8245    0.52664 0.00293194 0.90036 0.431818 6.24554 0.00900436
0  -0.222247   0.160737 -0.0844526    1.82063    1.87749   0.528588 0.00336428 0.893157 0.290539 6.40765 0.0435362
1    -0.2175   0.164122 -0.0861978     1.8483    1.82032   0.530541 0.00296131 0.902161 0.416521 4.91376 0.0149256
1  -0.218291   0.164141 -0.0857216    1.84904    1.82942   0.525798 0.00295186 0.901561 0.386369 13.1908 0.00788713
0 -0.216485  0.163885  -0.08748   1.84637   1.79987  0.559132 0.00303824 0.896759 0.521445 5.50549 0.040474
0  -0.216695   0.163324 -0.0878659    1.83984    1.80598   0.548411 0.00296455 0.90036 0.471047 5.6889 0.0347749
0  -0.218644   0.162471 -0.0841269    1.84966    1.81511   0.540306 0.00321372 0.892557 0.422199 7.2025 0.0215753
1  -0.218202   0.164573 -0.0853803    1.85313    1.82954   0.523109 0.002936 0.89976 0.423995 10.6594 0.00404864
1  -0.217362   0.164398 -0.0862785    1.85095    1.81747    0.53071 0.00294299 0.90096 0.446455 10.873 0.0156665
1  -0.218595   0.163415 -0.0860996    1.84203    1.83425   0.526742 0.00299382 0.901561 0.284559 4.47654 0.012645
1  -0.219835   0.163273 -0.0856513    1.84311    1.84371   0.529805 0.00298482 0.897359 0.384193 10.5678 0.0149773
1  -0.217473   0.165339 -0.0856322    1.86044    1.81942   0.529486 0.00295202 0.897959 0.300822 4.7374 0.0117712
1  -0.217128   0.164884 -0.0861485    1.85533    1.81498   0.527104 0.00296666 0.901561 0.435163 10.3029 0.0151771
0  -0.220667   0.165627 -0.0850603     1.8416    1.88795   0.492195 0.00354536 0.878151 0.289866 5.05551 0.0503863
0 -0.198324 -0.125718  -0.12281  -1.46423   1.51919 -0.919198 0.0055002 0.569628 -0.175469 4.6579 3.07062
1  -0.218524   0.164871 -0.0851871    1.85536    1.83291   0.516986 0.00293985 0.90036 0.543629 4.81167 0.00289149
