44.9709    30.2942 75.2651
7.07488    37.9288 45.0037
4.15086    42.7764 46.9273
2.1672    31.3363 33.5035
8.03794    36.1502 44.1881
6.50224    32.5834 39.0857
17.9847    30.791 48.7757
2.07583    23.8863 25.9621
0.0232762    7.26279 7.28607
0.023883    11.158 11.1819
4.47396    43.2886 47.7626
8.48478    28.6614 37.1461
5.8747    13.5976 19.4723
9.6166    181.558 191.175
57.4326    185.822 243.255
8.50052    138.581 147.081
6.19763    55.9325 62.1302
10.4363    193.849 204.285
10.1591    128.156 138.315
4.38065    76.1017 80.4824
13.9507    28.718 42.6686
7.59804    22.877 30.4751
4.36451    33.5329 37.8975
7.44915    34.2913 41.7404
5.67534    32.2007 37.8761
3.06181    29.5323 32.5941
2.63223    21.8128 24.445
7.62932    18.236 25.8653
9.7983    103.059 112.858
10.6099    25.2208 35.8307
14.5888    38.5272 53.1161
8.79767    35.8403 44.638
8.06935    19.3577 27.427
10.7959    34.4842 45.2801
17.4421    39.2807 56.7228
10.2679    43.652 53.9199
