s_T_o1
 -0.997877 -0.0584205  0.0287685  0.0244624
-0.0428896    0.25719  -0.965409  0.0471438
 0.0490007  -0.964593   -0.25915   0.343944
         0          0          0          1
s_T_o2
 -0.995253  -0.071797  0.0656978  0.0257247
-0.0838155   0.289298  -0.953563  0.0475037
 0.0494567  -0.954543  -0.293943   0.341667
         0          0          0          1
s_euler_angle_o1
0.0429544
 -3.09257
  1.30833
s_euler_angle_o2
0.084017
-3.09212
 1.27207
o1_euler_angle_o2
-0.0111279
-0.0394778
-0.0340204