1 -0.141462  -1.58172 -0.369942  -2.35099  0.176375 -0.114888 0.00209742 0.903491 0.387144 2.48564 0.095773
1  -0.16843   -1.5795 -0.370628  -2.34864  0.201623 -0.139399 0.0021282 0.909651 0.227721 2.36261 0.0595706
1 -0.138166  -1.57539 -0.378495  -2.33963  0.174226 -0.110688 0.00206088 0.89117 0.296112 1.24305 0.106508
1  -0.16843   -1.5795 -0.370628  -2.34864  0.201623 -0.139399 0.0021282 0.909651 0.423629 2.92353 0.0595707
1 -0.167533  -1.57602 -0.375425  -2.34234   0.20177 -0.137262 0.00212088 0.901437 0.264793 1.44142 0.0652529
1  -0.16843   -1.5795 -0.370628  -2.34864  0.201623 -0.139399 0.00212817 0.909651 0.422717 3.32464 0.0595705
1 -0.132738  -1.58631 -0.364476  -2.35895  0.163614 -0.112396 0.00206002 0.909651 0.366031 1.62816 0.103995
1  -0.16843   -1.5795 -0.370628  -2.34864  0.201623 -0.139399 0.00212816 0.909651 0.309755 2.66733 0.0595705
1 -0.133402  -1.58619 -0.364575  -2.35876  0.163992 -0.113391 0.00208589 0.911704 0.336196 3.0467 0.102809
0  -0.107665   -1.57401  -0.382585   -2.33577   0.142639 -0.0864617 0.00199855 0.87269 0.511581 3.64289 0.15154
0  -0.110419   -1.57554  -0.380348    -2.3387   0.144546 -0.0899738 0.00213762 0.88501 0.422357 3.46345 0.145321
0  -0.109147   -1.57368  -0.382918   -2.33527   0.143328 -0.0888014 0.00208264 0.87885 0.553562 3.62595 0.149017
1  -0.114736   -1.58032  -0.373711   -2.34726   0.149926 -0.0923641 0.00215741 0.895277 0.236242 2.98622 0.136026
1  -0.114665   -1.58053  -0.373424   -2.34765   0.149692 -0.0925342 0.00214838 0.895277 0.547338 3.86218 0.135855
0  -0.109147   -1.57368  -0.382918   -2.33527   0.143328 -0.0888012 0.00208264 0.87885 0.544658 3.53515 0.149017
0  -0.110772   -1.57891  -0.376044   -2.34457   0.145347 -0.0896998 0.00220118 0.89117 0.335564 2.95856 0.142534
1 -0.131497  -1.58553 -0.365619   -2.3575  0.160169 -0.114038 0.00208747 0.913758 0.109051 1.11358 0.10462
1   -0.11606   -1.58065  -0.373071   -2.34794   0.152031 -0.0925086 0.00213382 0.895277 0.184017 3.64282 0.134411
1 -0.168513  -1.57941 -0.370749  -2.34847  0.201718 -0.139473 0.00213063 0.909651 0.130052 1.50436 0.0595533
1 -0.138166  -1.57539 -0.378495  -2.33963  0.174226 -0.110688 0.00206087 0.89117 0.351435 1.92354 0.106508
1 -0.165646  -1.57524 -0.376437   -2.3409  0.200619 -0.135076 0.00213856 0.901437 0.284583 2.86676 0.0687408
1 -0.168631  -1.57859 -0.371808  -2.34704  0.201875 -0.139608 0.00215198 0.909651 0.205332 2.38501 0.0601958
1 -0.146233  -1.56976 -0.385608  -2.32965  0.184033 -0.115844 0.00199278 0.87885 0.229511 5.39457 0.103552
1  -0.114395   -1.58093   -0.37291   -2.34836   0.149548 -0.0921541 0.00215163 0.895277 0.624485 3.14419 0.13611
1  -0.16557  -1.57544 -0.376173  -2.34127  0.200484 -0.135067 0.00213371 0.901437 0.417488 4.4513 0.068535
1 -0.131144  -1.58529 -0.365968  -2.35708  0.159659 -0.113966 0.00209649 0.913758 0.130208 4.99054 0.105089
1  -0.16843   -1.5795 -0.370628  -2.34864  0.201623 -0.139399 0.0021282 0.909651 0.163739 2.75949 0.0595708
1  -0.14098  -1.57497 -0.378974  -2.33896  0.176689 -0.113515 0.00209456 0.893224 0.350526 2.88937 0.102765
1  -0.16843   -1.5795 -0.370628  -2.34864  0.201623 -0.139399 0.00212818 0.909651 0.065424 1.54983 0.0595706
1  -0.16843   -1.5795 -0.370628  -2.34864  0.201623 -0.139399 0.00212819 0.909651 0.0922323 3.23546 0.0595706
1 -0.168513  -1.57941 -0.370749  -2.34847  0.201717 -0.139473 0.00213064 0.909651 0.191807 1.44335 0.0595532
0  -0.109753   -1.58546  -0.367572   -2.35634   0.137941 -0.0964438 0.00220149 0.905544 0.120837 1.39449 0.136394
1 -0.131497  -1.58553 -0.365618   -2.3575  0.160169 -0.114038 0.00208744 0.913758 0.0998977 1.29057 0.10462
1 -0.133083  -1.58579 -0.365128  -2.35805  0.162706 -0.114154 0.0020925 0.913758 0.259149 1.8902 0.102859
1  -0.115452   -1.58089  -0.372771   -2.34836   0.151252 -0.0923309 0.00213835 0.895277 0.501084 5.49856 0.134951
1 -0.133003  -1.58561 -0.365389  -2.35773   0.16246 -0.114343 0.00209775 0.913758 0.221015 1.35457 0.102886
1  -0.16843   -1.5795 -0.370628  -2.34864  0.201623 -0.139399 0.00212818 0.909651 0.141484 3.38759 0.0595705
1 -0.131447  -1.58532 -0.365882  -2.35714  0.160141 -0.113975 0.00209018 0.913758 0.313154 2.96449 0.104761
1 -0.166397  -1.57699   -0.3743  -2.34402  0.198769 -0.138868 0.0021426 0.905544 0.319478 3.064 0.0644387
1 -0.136152  -1.60103 -0.344204  -2.38555  0.164558 -0.117732 0.00275323 0.835729 0.152243 1.45663 0.104272
1  -0.13346   -1.5858 -0.365108  -2.35807  0.163225 -0.114364 0.00209963 0.913758 0.218899 3.48285 0.102355
1 -0.168823  -1.57898 -0.371288  -2.34772  0.202204 -0.139538 0.0021426 0.909651 -0.000583662 2.82724 0.0596633
1 -0.166528  -1.57823 -0.372363  -2.34631   0.20089 -0.136348 0.00216858 0.909651 0.372439 3.28656 0.0637712
0 -0.107987  -1.57297 -0.383892  -2.33393  0.143042  -0.08672 0.00200847 0.87269 0.316013 3.42526 0.152063
1 -0.131144  -1.58529 -0.365968  -2.35708  0.159659 -0.113966 0.00209646 0.913758 0.183415 3.60674 0.105089
1  -0.16843   -1.5795 -0.370628  -2.34864  0.201623 -0.139399 0.00212816 0.909651 0.47951 3.93279 0.0595706
1  -0.115452   -1.58089  -0.372771   -2.34836   0.151252 -0.0923309 0.00213835 0.895277 0.317454 1.42264 0.134951
0  -0.110363   -1.58301   -0.37069   -2.35199   0.138932 -0.0967127 0.00223354 0.905544 0.271012 3.27416 0.13656
0  -0.112567   -1.58408  -0.369027     -2.354   0.142313 -0.0971323 0.00220122 0.905544 0.0477734 1.46616 0.133549
1 -0.140383  -1.58026 -0.371792  -2.34841  0.176768  -0.11221 0.00205523 0.897331 0.315316 1.5514 0.099238
1  -0.114665   -1.58053  -0.373424   -2.34765   0.149692 -0.0925342 0.00214835 0.895277 0.341354 3.50332 0.135855
1 -0.133083  -1.58579 -0.365128  -2.35805  0.162706 -0.114154 0.0020925 0.913758 0.25878 4.43004 0.102859
1 -0.133199  -1.58566 -0.365302  -2.35781  0.162841 -0.114266 0.00209541 0.913758 0.219755 2.56259 0.102712
1 -0.168513  -1.57941 -0.370749  -2.34847  0.201718 -0.139473 0.00213063 0.909651 0.102097 2.46288 0.0595532
1 -0.133147  -1.58573 -0.365217  -2.35795  0.162733  -0.11424 0.00209547 0.913758 0.302588 2.21558 0.102769
1 -0.131144  -1.58529 -0.365968  -2.35708  0.159659 -0.113966 0.00209649 0.913758 0.0850444 1.19474 0.105089
1  -0.114512   -1.58008  -0.374001   -2.34684   0.150174 -0.0915865 0.00217436 0.895277 0.206038 2.3862 0.136859
1 -0.113415    -1.585 -0.367749  -2.35567  0.143469 -0.097523 0.00219098 0.905544 0.19195 1.3026 0.132104
1 -0.136577  -1.58409 -0.367241  -2.35505  0.167766 -0.115333 0.00210236 0.909651 0.25658 3.03313 0.0992357
1 -0.166397  -1.57699   -0.3743  -2.34402  0.198769 -0.138868 0.00214258 0.905544 0.390345 2.88947 0.0644388
1  -0.13252  -1.58346 -0.368152  -2.35388  0.164444 -0.110771 0.00210558 0.909651 0.300279 1.18156 0.106018
1 -0.166949  -1.57373 -0.378284  -2.33829  0.202411 -0.135637 0.00211199 0.897331 0.265684 1.72833 0.0695177
0   -0.10882   -1.57599  -0.380062   -2.33923   0.143774 -0.0875821 0.00207974 0.87885 0.214622 2.94309 0.148018
1  -0.16843   -1.5795 -0.370628  -2.34864  0.201623 -0.139399 0.00212818 0.909651 0.351803 1.47152 0.0595707
1  -0.16843   -1.5795 -0.370628  -2.34864  0.201623 -0.139399 0.00212817 0.909651 0.27242 1.59207 0.0595707
1 -0.167913  -1.57822 -0.372403  -2.34633  0.200942 -0.139276 0.00216403 0.909651 0.211264 1.37304 0.0613939
1  -0.16994  -1.57916 -0.370944  -2.34811  0.203297 -0.140356 0.0021675 0.911704 0.442216 3.32192 0.0581811
1 -0.168513  -1.57941 -0.370749  -2.34847  0.201718 -0.139473 0.00213062 0.909651 0.217874 1.41434 0.0595532
0  -0.110623   -1.57853  -0.376552   -2.34386   0.145516 -0.0891682 0.00221241 0.89117 0.365688 3.78396 0.143275
1 -0.131497  -1.58553 -0.365619   -2.3575  0.160169 -0.114038 0.00208746 0.913758 0.280899 1.55317 0.10462
1  -0.16843   -1.5795 -0.370628  -2.34864  0.201623 -0.139399 0.00212821 0.909651 0.190075 1.3075 0.0595706
1 -0.133682  -1.58554 -0.365419   -2.3576  0.163924 -0.113873 0.00210306 0.913758 0.204478 4.51943 0.102461
1  -0.116102   -1.58158  -0.371936   -2.34951   0.152208 -0.0923101 0.00219318 0.788501 0.266956 2.70728 0.134
0  -0.110184   -1.58187  -0.372141   -2.34998   0.140845 -0.0942582 0.00207513 0.89117 0.235276 2.90046 0.138602
0  -0.112965    -1.5841  -0.368952   -2.35406   0.142207 -0.0980462 0.00222559 0.907598 0.35977 1.55725 0.132635
1 -0.132444  -1.58534 -0.365846  -2.35719  0.161754 -0.114048 0.00210982 0.913758 0.170837 2.91206 0.103699
1 -0.133083  -1.58579 -0.365128  -2.35805  0.162706 -0.114154 0.0020925 0.913758 0.168101 4.54979 0.102859
0  -0.112746   -1.58517  -0.367554   -2.35593   0.143533 -0.0960473 0.0021637 0.903491 0.224755 1.59517 0.133554
1 -0.168019   -1.5781 -0.372429  -2.34616   0.20185 -0.138294 0.00215908 0.909651 0.346931 2.64663 0.0617609
1 -0.134825  -1.58478 -0.366363  -2.35627  0.165602 -0.114247 0.00209948 0.911704 0.0625203 1.18829 0.101328
1 -0.133083  -1.58579 -0.365128  -2.35805  0.162706 -0.114154 0.0020925 0.913758 0.136709 1.67855 0.102859
1 -0.136983  -1.58426 -0.366956  -2.35539   0.16861 -0.115235 0.00210823 0.909651 0.253813 4.49471 0.09879
1 -0.168513  -1.57941 -0.370749  -2.34847  0.201718 -0.139473 0.00213064 0.909651 0.278462 2.71014 0.0595532
1 -0.145821  -1.56942 -0.386091  -2.32903  0.183307 -0.115865 0.00199238 0.87885 0.315505 3.46017 0.104432
1 -0.145174  -1.56484 -0.392086  -2.32091  0.182683 -0.115077 0.00194392 0.870637 0.281256 3.01331 0.112885
1 -0.131144  -1.58529 -0.365968  -2.35708  0.159659 -0.113966 0.00209648 0.913758 0.0652122 2.80245 0.105089
1  -0.113415     -1.585  -0.367749   -2.35567   0.143469 -0.0975229 0.00219096 0.905544 0.164583 1.39643 0.132104
1  -0.16843   -1.5795 -0.370628  -2.34864  0.201623 -0.139399 0.00212816 0.909651 0.14035 1.40974 0.0595707
1  -0.114736   -1.58032  -0.373711   -2.34726   0.149926 -0.0923641 0.00215743 0.895277 0.262196 2.82704 0.136026
1  -0.16843   -1.5795 -0.370628  -2.34864  0.201623 -0.139399 0.00212819 0.909651 0.249102 2.88476 0.0595705
1 -0.132444  -1.58534 -0.365845  -2.35719  0.161754 -0.114048 0.00210981 0.913758 0.0872709 2.94171 0.103699
1 -0.133083  -1.58579 -0.365128  -2.35805  0.162706 -0.114154 0.0020925 0.913758 0.29066 1.77255 0.102858
1  -0.16843   -1.5795 -0.370627  -2.34864  0.201623 -0.139399 0.0021282 0.909651 0.297373 2.82351 0.0595704
1  -0.16843   -1.5795 -0.370628  -2.34864  0.201623 -0.139399 0.00212819 0.909651 0.197118 2.95424 0.0595706
1 -0.132444  -1.58534 -0.365845  -2.35719  0.161754 -0.114048 0.00210979 0.913758 0.150086 1.54691 0.103699
1 -0.145464  -1.56695 -0.389286  -2.32469  0.183432 -0.114913 0.00198409 0.874743 0.414245 3.31884 0.109083
1  -0.14113  -1.58308 -0.368133  -2.35347  0.174847 -0.116348 0.0021232 0.907598 0.253264 4.89075 0.09452
1  -0.16843   -1.5795 -0.370628  -2.34864  0.201623 -0.139399 0.00212819 0.909651 0.297861 1.39367 0.0595706
0  -0.110631    -1.5815  -0.372646   -2.34933   0.139609 -0.0964426 0.00216694 0.899384 0.123839 1.61336 0.13721
1  -0.16843   -1.5795 -0.370628  -2.34864  0.201623 -0.139399 0.0021282 0.909651 0.245292 2.70329 0.0595708
1 -0.131497  -1.58553 -0.365618   -2.3575  0.160169 -0.114038 0.00208744 0.913758 0.27199 2.52493 0.10462
1   -0.11606   -1.58065  -0.373071   -2.34794   0.152031 -0.0925087 0.00213381 0.895277 0.200018 4.72872 0.134411
1 -0.168019   -1.5781 -0.372429  -2.34616   0.20185 -0.138294 0.00215913 0.909651 0.472176 3.5404 0.061761
1 -0.166269  -1.57701 -0.374264  -2.34407  0.198576 -0.138832 0.00213957 0.905544 0.269574 2.95892 0.064533
1 -0.131493  -1.58518  -0.36607   -2.3569  0.160274 -0.113855 0.00209417 0.913758 0.115759 3.52639 0.104825
1 -0.139429   -1.5795 -0.372883  -2.34707  0.174313 -0.113219 0.00203406 0.897331 0.456981 5.34461 0.10012
1  -0.14902  -1.57263 -0.381575   -2.3348  0.186954 -0.117905 0.00211905 0.767967 0.25534 1.32379 0.095884
1  -0.16843   -1.5795 -0.370628  -2.34864  0.201623 -0.139399 0.00212819 0.909651 0.283282 3.55658 0.0595705
1 -0.131473  -1.58556 -0.365577  -2.35756  0.160137 -0.114008 0.00208724 0.913758 0.207553 1.74182 0.104654
1 -0.199042  -1.57932 -0.367922  -2.35045  0.232005 -0.165709 0.00227114 0.903491 0.327892 4.61502 0.0359993
1  -0.115957   -1.58048  -0.373323   -2.34761   0.151704 -0.0927061 0.00212983 0.895277 0.288111 2.14099 0.134501
1  -0.16843   -1.5795 -0.370628  -2.34864  0.201623 -0.139399 0.00212818 0.909651 0.199308 1.34052 0.0595707
1 -0.133575  -1.58532 -0.365714  -2.35721   0.16385 -0.113775 0.00211042 0.913758 0.180426 1.83204 0.102678
1 -0.168513  -1.57941 -0.370749  -2.34847  0.201718 -0.139473 0.00213062 0.909651 0.278859 1.61424 0.0595533
1  -0.16843   -1.5795 -0.370628  -2.34864  0.201623 -0.139399 0.00212819 0.909651 0.302663 1.5247 0.0595706
1 -0.168513  -1.57941 -0.370748  -2.34847  0.201717 -0.139473 0.00213062 0.909651 0.198981 4.12429 0.059553
1 -0.133199  -1.58566 -0.365302  -2.35781  0.162841 -0.114266 0.00209541 0.913758 0.165209 1.52314 0.102712
