1 -0.141155  -1.58133 -0.370454  -2.35028  0.176173 -0.114476 0.0020683 0.901437 0.395651 2.48036 0.0965338
1 -0.167329  -1.58634  -0.36213  -2.36062  0.197856 -0.141945 0.00210752 0.911704 0.235225 2.34949 0.05644
1  -0.13881  -1.58131 -0.370618  -2.35024  0.173267 -0.113497 0.00209161 0.901437 0.285614 1.21078 0.0993274
1 -0.166354  -1.57827 -0.372255   -2.3464  0.197533 -0.140759 0.00214605 0.911704 0.418794 2.90851 0.0621146
1 -0.167782   -1.5793 -0.371231  -2.34809  0.201964 -0.137299 0.00219623 0.909651 0.238673 1.42651 0.0613694
1  -0.16813  -1.58007 -0.369911  -2.34961  0.200973 -0.139563 0.00210778 0.909651 0.42825 3.31723 0.0592775
1 -0.122011  -1.58289 -0.369961  -2.35219  0.150462 -0.106147 0.00218656 0.911704 0.327088 1.59889 0.119599
1 -0.169119  -1.58313 -0.365877  -2.35511  0.201474 -0.140984 0.00210419 0.911704 0.317531 2.65636 0.0558343
1 -0.133019  -1.58713 -0.362997  -2.36069  0.161997 -0.115742 0.00211808 0.915811 0.325952 3.0338 0.101689
0 -0.0928189   -1.57247   -0.38497   -2.33298   0.122118  -0.081914 0.0021967 0.87885 0.463154 3.60353 0.170099
0 -0.104341  -1.58118 -0.373105  -2.34853  0.135865  -0.08736 0.00214981 0.897331 0.419065 3.43526 0.148924
0  -0.107488    -1.5772  -0.378681   -2.34142   0.140679 -0.0884973 0.00219757 0.887064 0.528926 3.61183 0.147846
1  -0.114428   -1.58202  -0.371642   -2.35022   0.149297 -0.0924895 0.00215596 0.895277 0.236756 2.98054 0.13532
1  -0.114295   -1.58347  -0.369744   -2.35287    0.14824 -0.0937776 0.00216886 0.897331 0.543023 3.85173 0.133943
0  -0.108965   -1.57287  -0.383902   -2.33383   0.142963 -0.0889403 0.00207701 0.87885 0.545891 3.52808 0.149887
0  -0.110098   -1.57594   -0.38007   -2.33907   0.142944 -0.0919795 0.0021837 0.887064 0.340841 2.94708 0.144197
1 -0.131587  -1.58758 -0.363072  -2.36109  0.159277 -0.115556 0.00214276 0.917865 0.0854523 1.10805 0.103343
1  -0.115928   -1.58075  -0.372973   -2.34811   0.151628 -0.0927796 0.00213242 0.895277 0.184552 3.63852 0.134314
1 -0.174111  -1.58603 -0.360812  -2.36085  0.207333 -0.143946 0.00205914 0.915811 0.15924 1.45497 0.0498248
1 -0.130531  -1.58126 -0.371601  -2.34973  0.161858 -0.110029 0.00218941 0.905544 0.310984 1.89104 0.109653
1 -0.163848  -1.57403 -0.377895  -2.33838  0.203334 -0.126778 0.00211531 0.897331 0.292363 2.84689 0.0760673
1 -0.170656  -1.57822 -0.372114  -2.34667   0.20064 -0.146762 0.0022025 0.909651 0.186676 2.3748 0.0563452
1 -0.146536  -1.57196 -0.382842  -2.33354   0.18488 -0.115242 0.00199219 0.87885 0.229737 5.38786 0.100545
1  -0.113516    -1.5872  -0.365302   -2.35929    0.14736 -0.0930552 0.00218027 0.895277 0.619487 3.13664 0.134041
1 -0.164623  -1.57815 -0.372724  -2.34597   0.20068 -0.132836 0.00207624 0.897331 0.433176 4.4338 0.0672062
1 -0.131403  -1.58414 -0.367399  -2.35506  0.159371 -0.115169 0.00210558 0.913758 0.126435 4.98666 0.104575
1 -0.168705  -1.59017 -0.356495  -2.36776   0.19914 -0.143069 0.00207312 0.915811 0.185382 2.72444 0.056118
1 -0.137427  -1.57536 -0.378809  -2.33955  0.171123 -0.113076 0.00209665 0.893224 0.349878 2.87897 0.106029
1  -0.16723  -1.58018 -0.369982  -2.34973  0.199111 -0.140302 0.00215696 0.911704 0.0527859 1.53765 0.0597516
1   -0.1684  -1.58389 -0.365002  -2.35638  0.200243 -0.141631 0.00209166 0.909651 0.107816 3.21986 0.0558684
1 -0.171835  -1.58063 -0.368818  -2.35077  0.205819 -0.141671 0.00213026 0.909651 0.19195 1.42997 0.0546014
0  -0.108013   -1.58766  -0.364781   -2.36024   0.134092 -0.0978958 0.00220958 0.907598 0.117603 1.3763 0.136816
1  -0.13158  -1.58632 -0.364633   -2.3589  0.159516 -0.115284 0.00208726 0.913758 0.0999791 1.28638 0.103686
1 -0.132598  -1.58966 -0.360291  -2.36479  0.160559 -0.116014 0.00212339 0.917865 0.24821 1.87719 0.102011
1  -0.116552   -1.58702  -0.364892   -2.35914   0.154286 -0.0901175 0.00212008 0.895277 0.505347 5.48734 0.133057
1 -0.132465  -1.58375 -0.367859   -2.3543  0.161247 -0.114938 0.00210588 0.913758 0.217999 1.34645 0.103761
1 -0.171128  -1.58625  -0.36088   -2.3608  0.206447  -0.13787 0.00213444 0.919918 0.138962 3.34953 0.0549507
1 -0.132029  -1.58386 -0.367724  -2.35452   0.16074 -0.114688 0.0021046 0.913758 0.308415 2.95872 0.104282
1 -0.165154  -1.57464 -0.377415  -2.33978  0.197299 -0.138235 0.00207664 0.899384 0.340427 3.05715 0.0689196
0 -0.128722  -1.63332 -0.301283  -2.44295  0.144781 -0.125578 0.00367391 0.870637 -0.131249 1.41781 0.164708
1 -0.133262  -1.58317  -0.36846  -2.35326  0.163815 -0.113098 0.00210405 0.913758 0.217256 3.47587 0.104157
1   -0.1721  -1.57761 -0.372593  -2.34557  0.206112 -0.141902 0.00217407 0.909651 -0.0152797 2.81259 0.0572232
1  -0.16707  -1.57419 -0.377137  -2.33918   0.20259 -0.135363 0.00216888 0.909651 0.37235 3.27467 0.0686135
0 -0.0823213   -1.57978  -0.376342   -2.34537   0.113286 -0.0697885 0.00228598 0.889117 0.221507 3.34697 0.182298
1  -0.13133  -1.58675 -0.364233  -2.35961  0.158795 -0.115757 0.00211143 0.913758 0.177584 3.60053 0.103631
1  -0.16724  -1.57893 -0.371517  -2.34755  0.199646   -0.1395 0.00213341 0.909651 0.478227 3.92149 0.0611839
1  -0.115952    -1.5861  -0.366206   -2.35762   0.151083 -0.0936474 0.00216044 0.897331 0.310402 1.4141 0.131495
0  -0.110578   -1.58452  -0.368798   -2.35459   0.137968 -0.0985291 0.00224789 0.907598 0.266325 3.25823 0.134716
0   -0.11214   -1.58513  -0.367783   -2.35583   0.139695 -0.0999514 0.0022357 0.907598 0.0328561 1.44829 0.132036
1 -0.140437  -1.57923 -0.373088  -2.34661   0.17707 -0.111892 0.00206447 0.897331 0.312239 1.5449 0.100107
1  -0.114478   -1.58505  -0.367804   -2.35567   0.148269 -0.0941553 0.0021874 0.897331 0.329383 3.49579 0.132948
1 -0.132597  -1.58527 -0.365699  -2.35706  0.161537 -0.114683 0.00211821 0.917865 0.249672 4.41729 0.103196
1 -0.133049  -1.58491 -0.366452  -2.35632  0.162409 -0.114495 0.00211873 0.913758 0.21107 2.54932 0.102998
1 -0.171766  -1.58967 -0.356522  -2.36718  0.203726 -0.143711 0.00207826 0.917865 0.124165 2.4264 0.0531935
1 -0.133462  -1.58579 -0.365197  -2.35798  0.162465 -0.115463 0.00209892 0.913758 0.301438 2.21025 0.101786
1 -0.127142  -1.58777 -0.363333  -2.36109  0.155202 -0.110961 0.00212654 0.913758 0.0719292 1.17265 0.110268
0  -0.113034   -1.57462  -0.380847   -2.33724   0.153847 -0.0821026 0.00212449 0.880903 0.224248 2.37276 0.148534
0  -0.111392   -1.59325  -0.357372   -2.37027   0.138841 -0.0989155 0.00221901 0.909651 0.181613 1.28148 0.132719
1 -0.135545  -1.58245 -0.369374  -2.35195  0.167951 -0.112053 0.00212274 0.911704 0.249375 3.02182 0.102897
1 -0.167045  -1.57413 -0.377863  -2.33897  0.199152  -0.14014 0.00211137 0.901437 0.399226 2.88085 0.0672587
1 -0.137021  -1.60592 -0.338865  -2.39363  0.167097 -0.116568 0.00233319 0.926078 0.224639 1.16339 0.109322
1 -0.166153  -1.57884 -0.372157  -2.34725  0.200324 -0.136593 0.00208782 0.895277 0.274088 1.71809 0.0635665
0  -0.108831   -1.57423  -0.382211   -2.33615   0.143782 -0.0877425 0.00208708 0.87885 0.211853 2.93584 0.149415
1 -0.167833  -1.59837 -0.346202  -2.38214  0.198391 -0.141449 0.00216163 0.919918 0.341615 1.43324 0.0664599
1  -0.16747  -1.59655  -0.34804  -2.37928  0.198926 -0.140171 0.00213564 0.919918 0.269867 1.53656 0.0648777
1 -0.167611  -1.57113 -0.381341  -2.33354  0.203022 -0.135723 0.00221129 0.907598 0.19404 1.3604 0.0731506
1 -0.170239  -1.57936 -0.370711  -2.34843   0.20251 -0.142275 0.00215531 0.911704 0.445352 3.31292 0.0570092
1 -0.171946  -1.58529 -0.362148  -2.35928  0.204623 -0.142758 0.00206443 0.915811 0.242171 1.36782 0.0520332
0  -0.105481   -1.57647  -0.379674   -2.33983    0.14382 -0.0790584 0.00216956 0.880903 0.377974 3.7323 0.156332
1 -0.131298  -1.58992 -0.360002  -2.36533  0.157568 -0.117436 0.00212908 0.917865 0.266563 1.54574 0.102639
1 -0.165031  -1.57911 -0.371449  -2.34753  0.199618 -0.134827 0.00212089 0.907598 0.192859 1.27383 0.0650003
1 -0.133024  -1.58465 -0.366679  -2.35586  0.163937 -0.112092 0.00210713 0.913758 0.202938 4.51272 0.10441
1  -0.115395   -1.58118  -0.372496   -2.34884   0.150544 -0.0930295 0.00219088 0.788501 0.267725 2.69737 0.134445
0   -0.10977   -1.58627  -0.366931   -2.35751   0.139619 -0.0946505 0.00218605 0.897331 0.194399 2.88435 0.137139
1 -0.113301  -1.58555 -0.367148  -2.35657   0.14151 -0.100011 0.00225482 0.909651 0.35136 1.55039 0.130666
1 -0.131865  -1.58653 -0.364523  -2.35924   0.16127 -0.113035 0.00213429 0.913758 0.161221 2.90254 0.104605
1 -0.132815  -1.58694 -0.363653  -2.36012  0.160899  -0.11628 0.0021104 0.915811 0.160983 4.53858 0.101768
0  -0.112247   -1.58582   -0.36681   -2.35704   0.141597 -0.0975534 0.00222024 0.907598 0.204497 1.57505 0.13301
1  -0.16693   -1.5841 -0.364871  -2.35691  0.197733 -0.141333 0.00213194 0.911704 0.355141 2.63283 0.0573738
1 -0.135078  -1.57929 -0.373168  -2.34654  0.166887 -0.113057 0.0021248 0.911704 0.0512131 1.1808 0.104643
1 -0.132121  -1.59346 -0.355286  -2.37162  0.159695 -0.116031 0.00213708 0.919918 0.118317 1.66181 0.103302
1 -0.142687  -1.58534 -0.364959  -2.35758  0.175638 -0.118967 0.00211117 0.909651 0.252773 4.47107 0.0906776
1 -0.171602  -1.58048 -0.368857  -2.35067  0.204484 -0.142949 0.00212762 0.911704 0.279481 2.69511 0.0543797
1 -0.146008  -1.56699 -0.389096  -2.32475  0.183901  -0.11555 0.00201612 0.87885 0.307351 3.45306 0.108189
1 -0.145688  -1.56273 -0.394769  -2.31707  0.183717 -0.114961 0.00191278 0.86653 0.292767 3.00469 0.116337
1 -0.126697  -1.58692 -0.364458  -2.35984  0.149985  -0.11756 0.0022103 0.915811 0.0144616 2.78783 0.107689
1  -0.112635   -1.58766  -0.364414   -2.36041   0.140326 -0.0999705 0.00223298 0.909651 0.148559 1.37456 0.130866
1 -0.166354  -1.57762 -0.373101   -2.3452  0.199789 -0.137289 0.00213139 0.909651 0.139046 1.39447 0.0641899
0   -0.10836   -1.58666  -0.366289    -2.3585     0.1388 -0.0929501 0.00213268 0.89117 0.270659 2.8031 0.139366
1 -0.167214  -1.58151 -0.368226  -2.35207  0.199017 -0.140491 0.00213601 0.911704 0.246341 2.87128 0.058649
1  -0.13036  -1.57951  -0.37357  -2.34672  0.159037 -0.113292 0.00217786 0.911704 0.057832 2.93042 0.10927
1 -0.131664  -1.59269 -0.356496  -2.37018  0.158928 -0.115925 0.00212089 0.917865 0.281035 1.75261 0.103565
1 -0.173456  -1.59795 -0.346029  -2.38176  0.204433 -0.146312 0.00216626 0.921971 0.28481 2.7811 0.0610856
1 -0.167899  -1.58518 -0.363461  -2.35864  0.199298 -0.141261 0.0021029 0.911704 0.206657 2.94248 0.0562468
1 -0.131207  -1.58146 -0.371096  -2.35013   0.16031 -0.113478 0.00216205 0.911704 0.129035 1.53538 0.107013
1 -0.142555  -1.57099 -0.384329  -2.33174  0.180184 -0.112872 0.00208789 0.882957 0.383601 3.29528 0.106696
1 -0.141474  -1.58214  -0.36933  -2.35164   0.17741 -0.113091 0.00207147 0.903491 0.271459 4.88469 0.0966361
1 -0.167499  -1.58251 -0.366966  -2.35389  0.200218 -0.139021 0.0021149 0.909651 0.302246 1.3834 0.0584502
0  -0.110028   -1.57964  -0.375153   -2.34598    0.13821 -0.0970403 0.0021343 0.895277 0.137036 1.59691 0.13868
1 -0.166338  -1.59291 -0.353605  -2.37229  0.194495 -0.144241 0.00216195 0.917865 0.233322 2.66773 0.0596808
1 -0.131162  -1.58609 -0.364929  -2.35845  0.159215 -0.114651 0.00210753 0.915811 0.264983 2.52069 0.104499
1  -0.118949   -1.59093  -0.359481   -2.36646   0.154636 -0.0954753 0.00216561 0.901437 0.188095 4.70972 0.127017
1 -0.168485  -1.59439 -0.351247  -2.37482  0.201508  -0.13868 0.0021844 0.921971 0.466 3.51313 0.0615849
1  -0.16635  -1.57722 -0.374014  -2.34445  0.198125 -0.139746 0.00217167 0.907598 0.258615 2.9546 0.0638714
1 -0.126485  -1.58449 -0.367914  -2.35516  0.153073 -0.112244 0.00221151 0.913758 0.066215 3.50711 0.111237
1 -0.139201  -1.58317  -0.36783   -2.3538  0.171373 -0.116893 0.00210964 0.909651 0.436805 5.32092 0.0959862
1 -0.151326  -1.57654  -0.37605  -2.34192  0.192908 -0.114721 0.00228327 0.778234 0.197629 1.29404 0.0910597
1 -0.166747  -1.58369 -0.365348  -2.35586  0.200272 -0.136885 0.00206636 0.909651 0.304104 3.54242 0.0595519
1 -0.131779   -1.5881 -0.362399  -2.36205  0.159242 -0.116075 0.0021462 0.917865 0.185167 1.73638 0.102833
1 -0.206217  -1.58229 -0.362747  -2.35646  0.242702   -0.1675 0.0022427 0.901437 0.336308 4.58415 0.0349963
1 -0.115459  -1.58156 -0.372037  -2.34934  0.151588 -0.091534 0.00214258 0.897331 0.283848 2.13102 0.135161
1 -0.167243  -1.58032 -0.369703  -2.35008  0.197931 -0.142314 0.00215397 0.911704 0.189606 1.32636 0.0588272
1 -0.117802  -1.58303 -0.370505  -2.35223  0.143703 -0.105642 0.00225716 0.909651 0.123442 1.78566 0.124346
1 -0.167313  -1.59347 -0.352213  -2.37359  0.197198  -0.14246 0.00213083 0.921971 0.278788 1.57098 0.0602319
1 -0.168707  -1.57973 -0.370335  -2.34904  0.201167 -0.140807 0.00215036 0.911704 0.295397 1.51903 0.0585538
1 -0.172647  -1.58818 -0.358711  -2.36439  0.203975 -0.145197 0.00207764 0.915811 0.218898 4.08998 0.051125
1 -0.133271  -1.58614 -0.364748  -2.35866  0.162031 -0.115696 0.00210421 0.913758 0.161703 1.5161 0.101769
