0  -0.108101   -1.57422  -0.382395   -2.33607   0.143584 -0.0863759 0.00202267 0.87269 0.198405 0.0759205 0.150999
1 -0.168513  -1.57941 -0.370749  -2.34847  0.201718 -0.139473 0.00213065 0.909651 0.226832 0.0706324 0.0595533
0 -0.0419604   -1.57484  -0.384544   -2.33585   0.070717 -0.0385265 0.00250483 0.86653 0.14448 0.0615943 0.24481
1  -0.16843   -1.5795 -0.370628  -2.34864  0.201623 -0.139399 0.00212819 0.909651 0.303558 0.0900848 0.0595706
0 -0.0854702   -1.57817  -0.378166   -2.34262   0.118266 -0.0707553 0.00220414 0.880903 0.235932 0.0513037 0.179455
1 -0.174214  -1.58034 -0.368728  -2.35059  0.208573  -0.14287 0.00214201 0.911704 0.338703 0.0978216 0.0522864
0 -0.0749762   -1.58801  -0.365852   -2.36006   0.101664 -0.0694027 0.00226469 0.895277 0.303042 0.0418492 0.18659
1 -0.155343  -1.58311 -0.366567  -2.35427  0.192274 -0.125213 0.00215626 0.905544 0.300643 0.0894514 0.0758501
1  -0.16843   -1.5795 -0.370628  -2.34864  0.201623 -0.139399 0.00212818 0.909651 0.322738 0.0741874 0.0595706
1 -0.133402  -1.58619 -0.364575  -2.35876  0.163992 -0.113391 0.00208587 0.911704 0.23881 0.0845185 0.102809
1 -0.133423  -1.58654 -0.364118   -2.3594  0.164219 -0.113108 0.00205656 0.909651 0.201836 0.0753579 0.102875
1  -0.16843   -1.5795 -0.370628  -2.34864  0.201623 -0.139399 0.00212821 0.909651 0.338945 0.129677 0.0595706
0  -0.107808   -1.57767  -0.377923   -2.34226   0.141041 -0.0891563 0.00217495 0.887064 0.271169 0.0752861 0.146691
1 -0.139947  -1.57882 -0.374076  -2.34572  0.173538 -0.115559 0.00204516 0.895277 0.0583301 0.104459 0.0989449
1 -0.168513  -1.57941 -0.370748  -2.34847  0.201718 -0.139473 0.00213061 0.909651 0.382865 0.100646 0.0595531
0 -0.0854967    -1.5787  -0.377477   -2.34369   0.115459 -0.0744375 0.00223059 0.88501 0.319405 0.0849634 0.176891
0  -0.110033   -1.58124  -0.372908   -2.34882   0.141607 -0.0931147 0.0020896 0.89117 0.108139 0.0585368 0.139721
0 -0.0854491   -1.57815  -0.378185   -2.34258    0.11895 -0.0696769 0.00220913 0.880903 0.155216 0.0938314 0.18016
0  -0.109266   -1.58147  -0.372751   -2.34921   0.139894 -0.0935904 0.00209333 0.89117 0.145282 0.0162968 0.140134
1 -0.140848  -1.57507 -0.378841  -2.33914  0.176512 -0.113446 0.00209004 0.893224 0.342254 0.0667971 0.102814
0 -0.0853623   -1.57825  -0.378062   -2.34277   0.118787 -0.0696947 0.00220861 0.880903 0.398744 0.10759 0.180169
1 -0.168823  -1.57898 -0.371288  -2.34772  0.202204 -0.139538 0.00214261 0.909651 0.208793 0.0627525 0.0596633
0 -0.108101  -1.57422 -0.382396  -2.33607  0.143584 -0.086376 0.00202266 0.87269 0.217957 0.197496 0.150999
1 -0.132738  -1.58631 -0.364476  -2.35895  0.163614 -0.112396 0.00206001 0.909651 0.414246 0.111117 0.103995
1 -0.132432  -1.56971 -0.386542  -2.32916  0.168027 -0.106178 0.00207485 0.882957 0.437689 0.125017 0.121411
0 -0.109461  -1.58333 -0.370223  -2.35257  0.140073 -0.093719 0.00217659 0.899384 0.0969746 0.0730402 0.138911
0  -0.110033   -1.58124  -0.372908   -2.34882   0.141607 -0.0931146 0.0020896 0.89117 0.428524 0.15201 0.139721
1  -0.14847  -1.56824 -0.387226  -2.32717  0.186886  -0.11682 0.00193733 0.874743 0.39928 0.151986 0.1033
1  -0.14509  -1.57214 -0.382625  -2.33388  0.181263  -0.11707 0.00201502 0.882957 0.115117 0.0319255 0.100557
0 -0.0869988   -1.57831  -0.377972   -2.34299   0.117862 -0.0744846 0.00218228 0.880903 0.331528 0.0978184 0.175623
0 -0.0486714   -1.58359  -0.372412   -2.35177  0.0770239 -0.0457788 0.00238863 0.876797 0.0939436 0.0463788 0.228577
0 -0.0815981   -1.58465  -0.369972    -2.3542   0.110168 -0.0728657 0.00224191 0.89117 0.104693 0.0206444 0.178763
1 -0.139981  -1.58279 -0.368662  -2.35287  0.173309 -0.115802 0.00212801 0.907598 0.0824075 0.0680039 0.0961118
0 -0.109963   -1.5813 -0.372826  -2.34893  0.141508 -0.093084 0.0020881 0.89117 0.260705 0.0458521 0.139774
0 -0.0849332   -1.57983  -0.376029   -2.34571   0.114575  -0.074326 0.00227364 0.889117 0.327354 0.151596 0.176828
1 -0.135984   -1.5839 -0.367465  -2.35472  0.167225 -0.114796 0.00209584 0.909651 0.221724 0.0594572 0.100174
1 -0.168513  -1.57941 -0.370749  -2.34847  0.201717 -0.139473 0.00213063 0.909651 0.140496 0.111215 0.0595532
1 -0.133575  -1.58532 -0.365714  -2.35721   0.16385 -0.113775 0.00211044 0.913758 0.355027 0.0951505 0.102678
1 -0.200433  -1.57845 -0.369029  -2.34902  0.232844  -0.16757 0.00228287 0.901437 0.27367 0.0871581 0.0372195
1 -0.121023  -1.59608  -0.35213  -2.37596  0.149102 -0.105322 0.0023951 0.811088 0.262515 0.0333494 0.120811
1 -0.136577  -1.58409 -0.367241  -2.35505  0.167766 -0.115333 0.00210233 0.909651 0.545869 0.103426 0.0992357
1  -0.16843   -1.5795 -0.370628  -2.34864  0.201623 -0.139399 0.00212821 0.909651 0.00613589 0.111574 0.0595707
1 -0.198376   -1.5731 -0.375922  -2.33932  0.234647 -0.160978 0.00222901 0.895277 0.35495 0.0811812 0.0446748
0 -0.0762539   -1.56941  -0.390594   -2.32661   0.106863 -0.0654196 0.0021639 0.858316 0.263082 0.096516 0.199429
0  -0.109791   -1.58168  -0.372378   -2.34962   0.140645 -0.0937782 0.00207952 0.89117 0.190012 0.0881258 0.139356
1 -0.166397  -1.57699   -0.3743  -2.34402  0.198769 -0.138868 0.00214257 0.905544 0.475987 0.0686445 0.0644388
0 -0.0462734   -1.58253  -0.374131   -2.34977  0.0758881 -0.0417854 0.00236073 0.868583 0.24647 0.0295421 0.233947
0  -0.111132   -1.58179  -0.372027   -2.34984   0.143268 -0.0933343 0.00212625 0.895277 0.306028 0.100629 0.13816
0  -0.109791   -1.58168  -0.372378   -2.34962   0.140645 -0.0937782 0.00207951 0.89117 0.100423 0.0426147 0.139356
0 -0.0496178   -1.58357  -0.372411   -2.35173  0.0808448 -0.0426122 0.00232273 0.870637 0.226199 0.0540659 0.229604
0 -0.0419397    -1.5746  -0.384841   -2.33544   0.070697 -0.0385084 0.0025091 0.86653 0.248628 0.109742 0.245003
1 -0.113481  -1.58273 -0.370473  -2.35163  0.146715 -0.093974 0.00213296 0.899384 0.244448 0.126918 0.134912
1 -0.145172  -1.57226 -0.382449  -2.33411  0.181389 -0.117071 0.00201208 0.882957 0.250783 0.119605 0.100311
0 -0.0854967    -1.5787  -0.377477   -2.34369   0.115459 -0.0744374 0.00223059 0.88501 0.0599713 0.0856866 0.176891
1 -0.139981  -1.58279 -0.368662  -2.35287  0.173309 -0.115802 0.002128 0.907598 0.371379 0.0878496 0.0961118
1 -0.133402  -1.58619 -0.364575  -2.35876  0.163992 -0.113391 0.00208588 0.911704 0.0896777 0.0205281 0.102809
0 -0.0854492   -1.57815  -0.378185   -2.34258    0.11895  -0.069677 0.00220916 0.880903 0.193332 0.0783926 0.18016
1 -0.135984   -1.5839 -0.367465  -2.35472  0.167225 -0.114796 0.00209585 0.909651 0.227034 0.0627128 0.100174
1 -0.147089  -1.57538 -0.378018  -2.33983  0.183493 -0.118535 0.00207328 0.89117 0.269428 0.0564176 0.0937689
0  -0.113172   -1.58097   -0.37297   -2.34848   0.145887 -0.0945056 0.00214318 0.895277 0.226551 0.0803744 0.135861
1 -0.131342   -1.5825 -0.369574  -2.35211  0.161428 -0.112043 0.00212861 0.911704 0.292627 0.0319617 0.107016
1 -0.134707  -1.58106 -0.371142  -2.34965    0.1683 -0.110674 0.00209064 0.903491 0.273105 0.048083 0.105133
0 -0.0854491   -1.57815  -0.378185   -2.34258    0.11895 -0.0696768 0.00220912 0.880903 0.165764 0.0925107 0.18016
1 -0.116434  -1.58322 -0.369723  -2.35257  0.149654 -0.096366 0.00211705 0.899384 0.355192 0.0403028 0.130362
0  -0.112825   -1.58525  -0.367444   -2.35607   0.143713 -0.0959624 0.00216128 0.903491 0.261101 0.0310619 0.133499
0  -0.110033   -1.58124  -0.372908   -2.34882   0.141607 -0.0931146 0.00208962 0.89117 0.238385 0.0581041 0.139722
1 -0.166397  -1.57699   -0.3743  -2.34402  0.198769 -0.138868 0.00214258 0.905544 0.448628 0.0907423 0.0644387
1 -0.174214  -1.58034 -0.368728  -2.35059  0.208573  -0.14287 0.00214201 0.911704 0.213695 0.0287238 0.0522864
0 -0.0486713   -1.58359  -0.372412   -2.35177  0.0770239 -0.0457787 0.00238863 0.876797 0.146895 0.0710326 0.228577
0 -0.0815981   -1.58465  -0.369972    -2.3542   0.110168 -0.0728657 0.00224192 0.89117 0.227692 0.0646035 0.178763
0 -0.0845322   -1.58194  -0.373327   -2.34941   0.114421 -0.0734919 0.00226347 0.89117 0.138599 0.0655997 0.176601
1 -0.141725  -1.58384 -0.367027  -2.35489  0.175522 -0.116877 0.00211214 0.907598 0.201042 0.125072 0.0932902
1  -0.115959   -1.58138   -0.37221   -2.34914   0.152137 -0.0921364 0.00220283 0.788501 0.263729 0.106116 0.134354
0 -0.0845321   -1.58194  -0.373327   -2.34941   0.114421 -0.0734919 0.0022635 0.89117 0.165859 0.114593 0.176601
0  -0.042332   -1.58678  -0.368509   -2.35742  0.0679474 -0.0436011 0.00251254 0.88501 0.277224 0.0557543 0.235289
0  -0.110603   -1.58146    -0.3727   -2.34925   0.139637 -0.0963987 0.00216995 0.899384 0.147206 0.106395 0.137279
1  -0.113495    -1.5826  -0.370627   -2.35141   0.146697 -0.0940346 0.00210249 0.897331 0.164129 0.139864 0.134919
0  -0.110033   -1.58124  -0.372908   -2.34882   0.141607 -0.0931146 0.00208961 0.89117 0.251303 0.0851085 0.139721
1   -0.1986  -1.57304 -0.375982  -2.33923  0.234859 -0.161148 0.0022339 0.895277 0.324302 0.125047 0.0447404
1 -0.131144  -1.58529 -0.365968  -2.35708  0.159659 -0.113966 0.0020965 0.913758 0.0638496 0.0594877 0.105089
0 -0.0815981   -1.58465  -0.369972    -2.3542   0.110167 -0.0728658 0.00224193 0.89117 0.0750613 0.0283838 0.178763
1 -0.139812  -1.58306 -0.368315  -2.35335   0.17316 -0.115631 0.00212607 0.907598 0.247498 0.113315 0.0962421
0 -0.0845322   -1.58194  -0.373327   -2.34941   0.114421 -0.0734919 0.00226346 0.89117 0.193541 0.0783109 0.176601
0  -0.108864   -1.57594  -0.380129   -2.33913   0.143825 -0.0876206 0.00208097 0.87885 0.375156 0.0787274 0.147994
1 -0.134508  -1.58146 -0.370638  -2.35035  0.167948 -0.110676 0.00214469 0.907598 0.207024 0.0868555 0.105092
1 -0.131144  -1.58529 -0.365968  -2.35708  0.159659 -0.113966 0.0020965 0.913758 0.0652028 0.137652 0.105089
1 -0.139981  -1.58279 -0.368662  -2.35287  0.173309 -0.115802 0.002128 0.907598 0.188591 0.0693979 0.0961118
1 -0.168513  -1.57941 -0.370749  -2.34847  0.201718 -0.139473 0.00213063 0.909651 0.139355 0.0341354 0.0595533
0 -0.0833463   -1.58125  -0.374275   -2.34809   0.115492 -0.0696383 0.00226101 0.887064 0.226772 0.107534 0.180441
1 -0.132738  -1.58631 -0.364475  -2.35895  0.163614 -0.112396 0.00206 0.909651 0.273159 0.0723526 0.103995
1 -0.145541  -1.57174 -0.383116   -2.3332  0.181415 -0.117654 0.00194523 0.87885 0.158472 0.0825072 0.100409
0 -0.0845322   -1.58194  -0.373327   -2.34941   0.114421  -0.073492 0.00226346 0.89117 0.232707 0.066946 0.176601
1 -0.168513  -1.57941 -0.370749  -2.34847  0.201718 -0.139473 0.00213062 0.909651 0.296576 0.136939 0.0595532
0  -0.108101   -1.57422  -0.382395   -2.33607   0.143584 -0.0863759 0.00202267 0.87269 0.325969 0.0779647 0.150999
1 -0.139981  -1.58279 -0.368662  -2.35287  0.173309 -0.115802 0.002128 0.907598 0.14275 0.0560464 0.0961119
0  -0.083636   -1.57816  -0.378183   -2.34263   0.115292 -0.0706238 0.00224317 0.88501 0.337757 0.110669 0.181352
1 -0.198175  -1.57954 -0.367681  -2.35081  0.231393  -0.16462 0.00225568 0.903491 0.206671 0.129931 0.0357213
1 -0.133423  -1.58654 -0.364118   -2.3594  0.164219 -0.113108 0.00205655 0.909651 0.321496 0.0189728 0.102875
0 -0.0854968    -1.5787  -0.377477   -2.34369   0.115459 -0.0744375 0.0022306 0.88501 0.0980991 0.045363 0.176891
0  -0.084107   -1.58361  -0.371141   -2.35239   0.113947 -0.0731953 0.00223445 0.89117 0.207613 0.0866691 0.176437
0  -0.110033   -1.58124  -0.372908   -2.34882   0.141607 -0.0931146 0.00208962 0.89117 0.271231 0.0893657 0.139721
0  -0.111009   -1.58124  -0.372886   -2.34883   0.142699 -0.0936866 0.00211364 0.893224 0.363815 0.128508 0.138431
0 -0.0749761   -1.58801  -0.365852   -2.36006   0.101664 -0.0694026 0.0022647 0.895277 0.164629 0.134956 0.18659
0  -0.110033   -1.58124  -0.372908   -2.34882   0.141607 -0.0931146 0.0020896 0.89117 0.164236 0.0937934 0.139722
0 -0.0842459   -1.58154  -0.373877   -2.34873   0.113607 -0.0740205 0.00228185 0.89117 0.0365148 0.0700796 0.176774
1 -0.131144  -1.58529 -0.365968  -2.35708  0.159659 -0.113966 0.00209648 0.913758 0.495 0.149125 0.105089
1 -0.168277  -1.57744 -0.373625  -2.34471  0.203227 -0.136999 0.00233919 0.784394 0.17798 0.0347436 0.0630266
0 -0.0774613   -1.58668  -0.367431   -2.35767   0.106247 -0.0689115 0.00218981 0.889117 0.262531 0.0957168 0.184649
0 -0.0815982   -1.58465  -0.369972    -2.3542   0.110168 -0.0728658 0.00224193 0.89117 0.148822 0.0405559 0.178763
1 -0.139908  -1.57956 -0.372796  -2.34719  0.174953 -0.113414 0.0020392 0.897331 0.414066 0.144468 0.0995092
0  -0.108101   -1.57422  -0.382395   -2.33607   0.143584 -0.0863759 0.00202265 0.87269 0.323936 0.0661944 0.150999
1  -0.16843   -1.5795 -0.370628  -2.34864  0.201623 -0.139399 0.00212817 0.909651 0.199312 0.0569819 0.0595706
0 -0.0815981   -1.58465  -0.369972    -2.3542   0.110168 -0.0728657 0.00224193 0.89117 0.129356 0.0425314 0.178763
1 -0.198175  -1.57954 -0.367681  -2.35081  0.231393  -0.16462 0.00225568 0.903491 0.236529 0.0464382 0.0357212
1  -0.16621  -1.57709 -0.374177   -2.3442  0.198605 -0.138653 0.0021401 0.905544 0.298759 0.0309485 0.0645666
0 -0.0843372   -1.58191  -0.373391   -2.34938   0.113736 -0.0740522 0.0022719 0.89117 0.145865 0.116767 0.176476
1 -0.139947  -1.57882 -0.374076  -2.34572  0.173538 -0.115559 0.00204515 0.895277 0.185232 0.0546681 0.0989447
