0.0133647    4.89953 4.91289
0.0133557    6.07458 6.08794
0.0132354    5.23795 5.25119
0.0132944    6.156 6.1693
0.0134339    3.64765 3.66109
0.013194    7.80544 7.81864
0.0132855    4.61931 4.6326
0.0132253    5.41231 5.42553
0.0132253    7.52674 7.53997
0.0132062    5.61473 5.62794
0.0132164    10.3851 10.3983
0.0133569    8.61858 8.63194
0.013468    5.80913 5.8226
0.0131555    10.3821 10.3953
0.0132322    7.71012 7.72335
0.0132732    5.00812 5.02139
0.0136054    4.55711 4.57071
0.0132207    7.58805 7.60128
0.013302    5.43386 5.44716
0.0132769    4.29209 4.30537
0.0134798    5.32971 5.34319
0.0132499    6.42925 6.4425
0.0132714    9.06574 9.07901
0.013279    7.80674 7.82002
0.0140078    8.75104 8.76504
0.0132698    7.7492 7.76247
0.0132656    6.56486 6.57812
0.0132963    5.66402 5.67731
0.0134137    4.08287 4.09628
0.0134066    6.68882 6.70223
0.0132123    5.36398 5.37719
0.0131833    5.79744 5.81063
0.013254    5.11672 5.12997
0.0134035    6.69976 6.71316
0.0131912    9.77559 9.78878
0.0133925    5.23427 5.24766
0.0132681    5.72523 5.7385
0.0133533    9.42589 9.43925
0.0135301    8.72994 8.74347
0.0134912    5.3131 5.32659
0.0132727    7.48917 7.50244
0.0134476    8.68122 8.69467
0.0132225    5.61046 5.62368
0.0133196    5.60878 5.6221
0.0135597    8.24611 8.25967
0.0135032    8.67824 8.69174
0.0133138    7.62405 7.63737
0.013346    7.13241 7.14576
0.0134849    4.34858 4.36207
0.0133428    6.03073 6.04407
0.013365    5.83398 5.84734
0.0133517    8.69144 8.7048
0.013304    7.14419 7.1575
0.0133524    6.13991 6.15326
0.0133766    5.84819 5.86157
0.0132542    4.71345 4.7267
0.0133901    9.18795 9.20134
0.0132716    5.29319 5.30646
0.0132925    5.10784 5.12113
0.0132563    9.64425 9.65751
0.0132413    5.52736 5.5406
0.0134032    4.82272 4.83612
0.0132019    7.40018 7.41338
0.0132266    6.74069 6.75392
0.0133431    5.20251 5.21585
0.0134381    6.37225 6.38569
0.0132464    9.85908 9.87233
0.0135774    7.04495 7.05852
0.0132463    6.62935 6.6426
0.0139599    5.05699 5.07095
0.0133582    5.79358 5.80694
0.0132294    6.65433 6.66756
0.0133184    6.42085 6.43417
0.0132699    6.90182 6.91509
0.0132326    4.27683 4.29006
0.0133771    8.22881 8.24218
0.0133863    7.61884 7.63222
0.0133551    6.33056 6.34392
0.013313    5.27021 5.28352
0.0132557    5.87356 5.88681
0.013321    5.86494 5.87827
0.0131673    7.99546 8.00863
0.0135224    5.06778 5.0813
0.0132937    7.26196 7.27525
0.0133066    5.93913 5.95243
0.0132567    7.77673 7.78999
0.0134876    4.01992 4.03341
0.0136092    5.59998 5.61359
0.0133483    7.10831 7.12166
0.0132317    9.06211 9.07535
0.0134338    7.47792 7.49135
0.0134858    6.435 6.44849
0.0133664    9.165 9.17837
0.0132501    7.30794 7.32119
0.0132782    5.81058 5.82386
0.0132775    6.9962 7.00948
0.0133455    12.513 12.5264
0.0132113    6.13503 6.14824
0.0135308    4.19045 4.20398
0.013212    5.06967 5.08288
0.0133114    6.72093 6.73424
0.0134168    8.50822 8.52164
0.0133252    7.51442 7.52775
0.0133245    5.57701 5.59033
0.0139084    7.87385 7.88776
0.0132325    7.8729 7.88613
0.013398    3.15333 3.16673
0.0132991    6.11018 6.12348
0.0135667    6.22744 6.24101
0.0132491    8.74328 8.75653
0.0131355    6.39237 6.40551
0.0134294    5.82456 5.83799
0.0135422    4.14206 4.1556
0.0132748    4.95981 4.97308
0.0132738    4.09346 4.10674
0.0134302    8.53638 8.54981
0.0138617    5.56559 5.57945
