0.0156893    10.9909 11.0066
0.0155876    10.902 10.9176
0.0154413    10.6972 10.7127
0.0154047    10.9861 11.0015
0.0152347    10.4863 10.5016
0.0153584    9.88822 9.90357
0.0154689    11.2147 11.2302
0.0155491    11.3787 11.3943
0.0154307    12.4425 12.4579
0.0153644    10.5374 10.5528
0.0154743    10.4193 10.4347
0.0155747    10.7958 10.8114
0.0157034    11.1032 11.1189
0.0163417    11.5957 11.6121
0.015481    11.1332 11.1487
0.0153726    10.6325 10.6479
0.0155252    10.2853 10.3008
0.0155762    11.476 11.4916
0.015423    10.5145 10.53
0.0164513    10.3443 10.3607
0.0157834    11.3599 11.3757
0.0155027    11.0203 11.0358
0.0153279    10.1203 10.1357
0.0155949    10.8854 10.901
0.0154605    10.5081 10.5236
0.0158624    11.2985 11.3143
0.0153547    11.1036 11.119
0.0156637    11.7034 11.719
0.0154681    9.9327 9.94816
0.0154984    11.0417 11.0572
0.0155529    11.0935 11.1091
0.0155919    11.7555 11.7711
0.0154999    10.7622 10.7777
0.0155432    11.2415 11.257
0.0156156    11.2346 11.2502
0.0155741    9.82123 9.8368
0.0156414    11.0884 11.1041
0.0154549    11.1337 11.1492
0.0157324    11.7326 11.7483
0.0156509    10.6839 10.6996
0.0156021    10.323 10.3386
0.0155491    10.6108 10.6263
0.0156698    11.0133 11.029
0.0153297    11.3494 11.3647
0.0154734    11.5143 11.5297
0.0155777    11.6588 11.6744
0.0156672    11.2306 11.2462
0.0154885    10.6779 10.6934
0.0155581    11.4561 11.4716
0.0156424    11.2731 11.2887
0.0155397    11.3932 11.4087
0.0156255    11.537 11.5526
0.0154899    11.9985 12.014
0.0154358    11.1973 11.2127
0.0152564    10.3656 10.3808
0.0154486    11.5382 11.5536
0.0153993    10.287 10.3024
0.0154779    10.8624 10.8779
0.0156128    11.6814 11.6971
0.0155079    11.8969 11.9124
0.016558    10.6821 10.6986
0.0155149    12.1131 12.1286
0.0153056    11.0882 11.1035
0.0155161    10.6389 10.6544
0.0156594    11.2586 11.2743
0.0153131    10.6394 10.6547
0.0156541    11.4956 11.5112
0.0155723    10.6844 10.7
0.015514    9.32333 9.33885
0.0155377    10.9777 10.9933
0.0155516    10.2925 10.3081
0.0153705    10.9248 10.9402
0.0169851    10.4644 10.4814
0.0154532    11.5554 11.5708
0.015372    10.5481 10.5634
0.0155869    11.363 11.3786
0.0155185    10.468 10.4835
0.0156702    10.6431 10.6588
0.0165464    11.3147 11.3312
0.0155333    10.5154 10.5309
0.0166134    10.3384 10.355
0.0155619    10.2101 10.2257
0.0162919    10.6753 10.6915
0.0156389    9.96786 9.9835
0.015711    10.4178 10.4335
0.0154608    10.8541 10.8696
0.0156638    10.4229 10.4386
0.0153476    10.6949 10.7103
0.0163732    10.8042 10.8206
0.015644    10.285 10.3006
0.0158765    10.3485 10.3644
0.0156823    10.8606 10.8763
0.0165083    10.8042 10.8207
0.0154289    9.89309 9.90852
0.0155927    9.87347 9.88907
0.0153942    10.8794 10.8948
0.0154368    10.5758 10.5913
0.0156033    10.8139 10.8295
0.0155543    10.6994 10.7149
0.015674    10.8939 10.9096
0.016504    9.90372 9.92023
0.015319    10.6685 10.6838
0.0156917    11.4446 11.4603
0.0153187    10.7936 10.8089
0.0156008    11.7595 11.7751
0.0156157    10.8385 10.8541
0.0154122    10.2763 10.2917
0.0155228    10.2576 10.2731
0.0153168    11.3283 11.3436
0.0154128    10.3525 10.3679
0.0153066    11.6445 11.6598
0.0157193    10.9344 10.9501
0.0152434    10.8009 10.8161
0.0154185    10.7142 10.7296
0.0153349    10.7022 10.7176
0.0152911    11.3911 11.4064
0.0153923    10.1205 10.1359
0.0154735    10.3178 10.3333
0.0152664    10.098 10.1132
0.0155451    10.3452 10.3608
0.0154746    9.84502 9.86049
0.0155319    10.8642 10.8798
0.0155183    10.9022 10.9177
0.0157134    9.7526 9.76831
0.0155059    10.2158 10.2313
0.0154805    10.9797 10.9952
0.0153503    10.2513 10.2667
0.0153341    10.3606 10.3759
0.0154512    10.9893 11.0047
0.0154556    10.9365 10.9519
0.0155632    10.1504 10.166
0.0154208    11.0033 11.0187
0.0154895    10.0033 10.0188
0.0155664    10.2241 10.2397
0.0153227    10.8148 10.8301
0.0155959    12.0947 12.1103
0.0153519    10.2915 10.3069
0.0156221    11.4738 11.4895
0.0158254    10.0103 10.0261
0.0155089    10.6314 10.6469
