5.07193    44.5654 49.6373
30.3892    50.8292 81.2184
11.2143    89.0487 100.263
4.68214    114.53 119.212
5.65504    38.2499 43.9049
9.14513    58.1175 67.2626
34.3829    135.635 170.018
4.53312    55.5576 60.0907
4.9244    64.4944 69.4188
4.04715    57.3874 61.4345
25.0977    28.3333 53.431
76.2501    32.9682 109.218
6.68445    81.5448 88.2292
12.7191    46.1729 58.892
8.26448    25.5409 33.8054
4.47019    25.0153 29.4855
9.19603    31.4597 40.6557
367.434    207.078 574.512
5.83444    31.8631 37.6975
4.77601    46.7262 51.5022
8.36474    44.3767 52.7415
5.01893    47.1808 52.1997
5.11213    149.332 154.444
6.01638    25.2373 31.2536
7.41652    37.7731 45.1896
0.223623    8.26085 8.48447
0.239091    9.39743 9.63652
22.1695    46.8449 69.0145
36.2051    42.8889 79.094
0.254211    23.019 23.2732
0.231675    8.6643 8.89598
8.39575    34.1725 42.5682
17.1168    52.5033 69.6201
33.3217    52.1115 85.4332
9.27504    44.6953 53.9704
19.0748    49.1959 68.2707
5.51025    32.4157 37.926
8.51076    32.352 40.8628
10.7988    36.5035 47.3023
6.13802    50.5239 56.662
6.14155    61.5477 67.6892
5.70603    68.8232 74.5292
7.1243    38.3325 45.4568
5.84333    41.2004 47.0438
8.24273    27.7005 35.9432
43.0775    36.7324 79.8099
39.951    24.4763 64.4273
5.47776    24.6684 30.1462
4.54494    32.1241 36.669
4.42478    32.0523 36.477
12.1521    34.9026 47.0547
6.51971    26.8254 33.3451
4.61203    26.3201 30.9321
7.89987    28.7063 36.6062
5.30406    40.1516 45.4557
6.9677    73.9212 80.8889
9.28671    26.7882 36.0749
0.0225255    12.1015 12.124
0.0139588    7.25265 7.26661
